timestamp,distances,validty,bias
03:21:47.023,[0|10|20|30|40],[1|1|1|1|1],[-3.094195|-4.058144|-2.475275|-3.210929|-4.656768]
03:21:47.142,[0|10|20|30|40],[1|1|1|1|1],[-3.076454|3.095691|-2.674831|-2.930325|-4.571218]
03:21:47.222,[0|10|20|30|40],[1|1|1|1|1],[3.657597|3.252878|-2.664933|-4.307351|-5.586806]
03:21:47.344,[0|10|20|30|40],[1|1|1|1|1],[2.559362|3.271046|-2.751237|-5.402730|-7.363269]
03:21:47.422,[0|10|20|30|40],[1|1|1|1|1],[2.432409|3.686728|-3.080601|-5.813395|-8.322727]
03:21:47.543,[0|10|20|30|40],[1|1|1|1|1],[3.388615|4.005276|-2.833483|-6.203951|-9.269299]
03:21:47.642,[0|10|20|30|40],[1|1|1|1|1],[2.437965|2.445552|-3.416771|-6.253645|-11.050357]
03:21:47.745,[0|10|20|30|40],[1|1|1|1|1],[2.390000|2.244156|-3.112262|-7.090405|-11.874033]
03:21:47.842,[0|10|20|30|40],[1|1|1|1|1],[2.134936|2.915027|-3.418188|-7.850118|-12.476876]
03:21:47.922,[0|10|20|30|40],[1|1|1|1|1],[2.221906|3.335562|-3.497152|-4.732768|-7.095651]
03:21:48.025,[0|10|20|30|40],[1|1|1|1|1],[1.886267|4.361815|-3.722474|-5.348661|-6.992532]
03:21:48.126,[0|10|20|30|40],[1|1|1|1|1],[2.310810|4.437730|2.025671|-3.381012|-4.382599]
03:21:48.227,[0|10|20|30|40],[1|1|1|1|1],[1.772649|3.867653|2.627154|3.135130|-4.674975]
03:21:48.321,[0|10|20|30|40],[1|1|1|1|1],[1.868792|4.779912|2.616728|3.953305|-4.128798]
03:21:48.426,[0|10|20|30|40],[1|1|1|1|1],[1.887771|4.111247|2.790467|5.109681|-5.616575]
03:21:48.543,[0|10|20|30|40],[1|1|1|1|1],[2.655180|4.490393|5.424809|7.674636|-8.979789]
03:21:48.645,[0|10|20|30|40],[1|1|1|1|1],[3.092166|4.847337|6.150655|7.637241|-10.600692]
03:21:48.724,[0|10|20|30|40],[1|1|1|1|1],[2.276120|4.357158|6.832114|8.153501|-11.365217]
03:21:48.842,[0|10|20|30|40],[1|1|1|1|1],[2.091330|4.108298|7.392904|7.875175|-7.606178]
03:21:48.945,[0|10|20|30|40],[1|1|1|1|1],[2.353749|4.719954|8.389642|7.334829|6.400317]
03:21:49.045,[0|10|20|30|40],[1|1|1|1|1],[2.660964|4.377867|6.233832|6.421782|6.004697]
03:21:49.122,[0|10|20|30|40],[1|1|1|1|1],[2.904423|4.335258|5.455433|6.269410|-6.683832]
03:21:49.222,[0|10|20|30|40],[1|1|1|1|1],[2.559259|4.615267|5.031924|6.279437|-7.835591]
03:21:49.324,[0|10|20|30|40],[1|1|1|1|1],[3.089723|3.867114|4.257937|6.241697|-8.705831]
03:21:49.425,[0|10|20|30|40],[1|1|1|1|1],[2.071863|1.598257|2.094403|-4.934624|-10.220098]
03:21:49.524,[0|10|20|30|40],[1|1|1|1|1],[2.053912|2.468863|2.313790|-5.707446|-15.722143]
03:21:49.642,[0|10|20|30|40],[1|1|1|1|1],[2.045138|2.102900|3.045422|-7.518011|-20.820831]
03:21:49.744,[0|10|20|30|40],[1|1|1|1|1],[1.996133|2.094486|3.344345|-7.532686|-29.204082]
03:21:49.838,[0|10|20|30|40],[1|1|1|1|1],[1.845762|2.030569|4.000826|-11.946117|-38.255501]
03:21:49.935,[0|10|20|30|40],[1|1|1|1|1],[1.740092|2.159491|3.928662|-18.300724|-55.939629]
03:21:50.035,[0|10|20|30|40],[1|1|1|1|1],[1.870662|2.272928|-4.669406|-23.803139|-60.203861]
03:21:50.132,[0|10|20|30|40],[1|1|1|1|1],[1.961574|1.438496|-6.705018|-32.527065|-72.326324]
03:21:50.231,[0|10|20|30|40],[1|1|1|1|1],[1.947600|-1.694235|-8.991484|-39.718853|-86.639114]
03:21:50.333,[0|10|20|30|40],[1|1|1|1|1],[1.918176|-2.419811|-13.613908|-47.075962|-100.716782]
03:21:50.433,[0|10|20|30|40],[1|1|1|1|1],[-1.623818|-3.578329|-14.292304|-47.452450|-98.196503]
03:21:50.536,[0|10|20|30|40],[1|1|1|1|1],[-0.836864|-4.557109|-18.430597|-52.293442|-100.529671]
03:21:50.632,[0|10|20|30|40],[1|1|1|1|1],[0.632167|6.813896|24.788803|54.126404|104.304886]
03:21:50.735,[0|10|20|30|40],[1|1|1|1|1],[-0.823531|8.437517|23.376823|59.387470|108.579636]
03:21:50.837,[0|10|20|30|40],[1|1|1|1|1],[0.551498|6.244531|18.879551|54.250099|100.986526]
03:21:50.936,[0|10|20|30|40],[1|1|1|1|1],[0.780529|7.278400|20.281918|49.816704|95.051765]
03:21:51.032,[0|10|20|30|40],[1|1|1|1|1],[1.180676|8.759612|19.315922|52.451492|92.181923]
03:21:51.135,[0|10|20|30|40],[1|1|1|1|1],[1.685792|11.010377|23.776663|52.902390|94.084358]
03:21:51.233,[0|10|20|30|40],[1|1|1|1|1],[1.566577|12.290565|27.354645|56.741356|102.242233]
03:21:51.336,[0|10|20|30|40],[1|1|1|1|1],[2.548915|17.334110|28.273987|55.524563|108.598854]
03:21:51.435,[0|10|20|30|40],[1|1|1|1|1],[3.007329|17.075930|30.461084|59.258888|122.381020]
03:21:51.537,[0|10|20|30|40],[1|1|1|1|1],[-4.352551|-18.003277|-30.683445|-61.484169|-137.946564]
03:21:51.632,[0|10|20|30|40],[1|1|1|1|1],[-5.619961|-19.043604|-28.900469|-59.577274|-131.763794]
03:21:51.736,[0|10|20|30|40],[1|1|1|1|1],[-7.621318|-22.667120|-27.957821|-58.659458|-137.777374]
03:21:51.834,[0|10|20|30|40],[1|1|1|1|1],[-8.808887|-22.647364|-34.494019|-67.225792|-153.768585]
03:21:51.933,[0|10|20|30|40],[1|1|1|1|1],[-10.076982|-25.957150|-29.680275|-71.742340|-191.579819]
03:21:52.034,[0|10|20|30|40],[1|1|1|1|1],[-9.625250|-23.116232|-31.999529|-81.504250|-209.482101]
03:21:52.133,[0|10|20|30|40],[1|1|1|1|1],[-9.718865|-23.112020|-30.697691|-85.835884|-197.709702]
03:21:52.234,[0|10|20|30|40],[1|1|1|1|1],[-7.680964|-25.197321|-35.507454|-96.275475|-136.940292]
03:21:52.337,[0|10|20|30|40],[1|1|1|1|1],[-8.564395|-24.155544|-36.773384|-99.764061|-50.742626]
03:21:52.432,[0|10|20|30|40],[1|1|1|1|1],[-8.806014|-26.532131|-40.410294|-101.601318|-67.512894]
03:21:52.532,[0|10|20|30|40],[1|1|1|1|1],[-9.879476|-29.653431|-39.367592|-97.221756|-43.047619]
03:21:52.637,[0|10|20|30|40],[1|1|1|1|1],[-8.121622|-29.014111|-43.514122|-91.344498|-54.570580]
03:21:52.736,[0|10|20|30|40],[1|1|1|1|1],[-9.485012|-24.918625|-38.862228|-91.174698|-39.481163]
03:21:52.838,[0|10|20|30|40],[1|1|1|1|1],[-8.044457|-25.628206|-35.887455|-71.145203|-48.629284]
03:21:52.934,[0|10|20|30|40],[1|1|1|1|1],[-8.918512|-25.752762|-35.866974|-69.499496|-45.500374]
03:21:53.034,[0|10|20|30|40],[1|1|1|1|1],[-8.350486|-23.171047|-32.920753|-56.257248|-53.894997]
03:21:53.133,[0|10|20|30|40],[1|1|1|1|1],[-7.131881|-25.995401|-29.750526|-64.207314|-59.510612]
03:21:53.236,[0|10|20|30|40],[1|1|1|1|1],[-6.949341|-23.736750|-26.278507|-62.199257|-58.053112]
03:21:53.337,[0|10|20|30|40],[1|1|1|1|1],[-5.578876|-23.686596|-22.878193|-61.547089|-28.698254]
03:21:53.434,[0|10|20|30|40],[1|1|1|1|1],[-4.271853|-27.024725|-26.589394|-67.704155|-17.803574]
03:21:53.535,[0|10|20|30|40],[1|1|1|1|1],[-5.055303|-27.702454|-29.066776|-65.757843|-29.026127]
03:21:53.636,[0|10|20|30|40],[1|1|1|1|0],[-7.021928|-28.997740|-27.090145|-66.371201|0.000000]
03:21:53.715,[0|10|20|30|40],[1|1|1|1|1],[-6.152797|-26.095898|-26.228237|-61.410667|-19.716358]
03:21:53.842,[0|10|20|30|40],[1|1|1|1|0],[-9.773170|-29.120001|-20.176769|-72.101830|0.000000]
03:21:53.943,[0|10|20|30|40],[1|1|1|1|0],[-12.299806|-25.386917|-18.219685|-73.707108|0.000000]
03:21:54.044,[0|10|20|30|40],[1|1|1|1|0],[-13.181191|-24.791862|-17.112648|-73.469833|0.000000]
03:21:54.122,[0|10|20|30|40],[1|1|1|1|0],[-15.217913|-24.595209|-15.730536|-75.355103|0.000000]
03:21:54.246,[0|10|20|30|40],[1|1|1|1|0],[-11.559832|-21.071066|-20.437098|-87.432861|0.000000]
03:21:54.345,[0|10|20|30|40],[1|1|1|1|0],[-10.341639|-17.033682|-21.389353|-106.530807|0.000000]
03:21:54.444,[0|10|20|30|40],[1|1|1|1|0],[-9.698075|-15.468057|-22.133076|-99.211975|0.000000]
03:21:54.542,[0|10|20|30|40],[1|1|1|1|0],[-10.902988|-12.678671|-25.505829|-112.612061|0.000000]
03:21:54.624,[0|10|20|30|40],[1|1|1|1|0],[-10.448086|-16.036610|-35.293400|-110.443642|0.000000]
03:21:54.738,[0|10|20|30|40],[1|1|1|1|0],[-5.665869|-20.735165|-42.065430|-107.700203|0.000000]
03:21:54.839,[0|10|20|30|40],[1|1|1|1|0],[-6.697941|21.428312|-36.064362|91.694733|0.000000]
03:21:54.938,[0|10|20|30|40],[1|1|1|1|0],[-4.834098|17.965065|35.223888|76.293900|0.000000]
03:21:55.038,[0|10|20|30|40],[1|1|1|1|0],[-4.957974|19.756115|35.616302|91.145897|0.000000]
03:21:55.133,[0|10|20|30|40],[1|1|1|1|0],[-5.102712|18.495455|29.786634|72.412636|0.000000]
03:21:55.236,[0|10|20|30|40],[1|1|1|1|0],[5.539596|21.649185|29.881048|74.755096|0.000000]
03:21:55.333,[0|10|20|30|40],[1|1|1|1|0],[6.037873|23.369127|30.257273|62.218475|0.000000]
03:21:55.436,[0|10|20|30|40],[1|1|1|1|0],[7.737005|24.889931|25.740314|42.004059|0.000000]
03:21:55.538,[0|10|20|30|40],[1|1|1|1|0],[6.576401|22.704025|26.257397|40.561722|0.000000]
03:21:55.636,[0|10|20|30|40],[1|1|1|1|0],[4.269361|-16.830835|29.578829|-44.947243|0.000000]
03:21:55.733,[0|10|20|30|40],[1|1|1|1|0],[-4.666746|-21.876616|-28.327679|-56.284859|0.000000]
03:21:55.833,[0|10|20|30|40],[1|1|1|1|0],[-6.391585|-21.469744|-30.316353|-71.988106|0.000000]
03:21:55.935,[0|10|20|30|40],[1|1|1|1|0],[-7.244372|-23.532145|-29.059935|-59.170723|0.000000]
03:21:56.035,[0|10|20|30|40],[1|1|1|1|0],[-6.994563|-27.951839|-27.695297|-65.709160|0.000000]
03:21:56.132,[0|10|20|30|40],[1|1|1|1|0],[-8.514965|-25.961342|-26.406647|-68.474625|0.000000]
03:21:56.223,[0|10|20|30|40],[1|1|1|1|0],[-8.938045|-22.197775|-24.952007|-72.336533|0.000000]
03:21:56.342,[0|10|20|30|40],[1|1|1|1|0],[-9.086877|-28.327354|-31.548738|-77.595329|0.000000]
03:21:56.424,[0|10|20|30|40],[1|1|1|1|0],[-6.035036|-22.991234|-28.110813|-85.939598|0.000000]
03:21:56.544,[0|10|20|30|40],[1|1|1|1|0],[-8.000189|-16.362234|-25.962257|-49.771355|0.000000]
03:21:56.622,[0|10|20|30|40],[1|1|1|1|0],[-5.802804|-16.851032|-27.825022|-57.494736|0.000000]
03:21:56.746,[0|10|20|30|40],[1|1|1|1|0],[-7.664293|-15.035608|-25.135469|-51.983025|0.000000]
03:21:56.844,[0|10|20|30|40],[1|1|1|1|0],[-8.695471|-13.760906|-32.333088|-64.220520|0.000000]
03:21:56.926,[0|10|20|30|40],[1|1|1|1|0],[-6.196547|-14.417633|-26.265980|-72.032639|0.000000]
03:21:57.021,[0|10|20|30|40],[1|1|1|1|0],[-7.165596|-14.749211|-29.461241|-75.042870|0.000000]
03:21:57.121,[0|10|20|30|40],[1|1|1|1|0],[-8.291641|-16.307104|-33.129143|-77.195450|0.000000]
03:21:57.224,[0|10|20|30|40],[1|1|1|1|0],[-3.229344|-12.683689|-31.555630|-53.757904|0.000000]
03:21:57.326,[0|10|20|30|40],[1|1|1|1|0],[-3.943151|-16.606012|-37.362076|-67.689941|0.000000]
03:21:57.444,[0|10|20|30|40],[1|1|1|1|0],[-3.228176|-14.166448|-23.971272|-87.720917|0.000000]
03:21:57.542,[0|10|20|30|40],[1|1|1|1|0],[-3.011119|-11.178788|-23.690628|-70.925812|0.000000]
03:21:57.645,[0|10|20|30|40],[1|1|1|1|0],[-3.385705|-12.386987|-20.149349|-64.680435|0.000000]
03:21:57.742,[0|10|20|30|40],[1|1|1|1|0],[-3.618422|-9.914905|-23.278189|-64.596703|0.000000]
03:21:57.821,[0|10|20|30|40],[1|1|1|1|0],[-4.581998|-11.099306|-27.785635|-77.818008|0.000000]
03:21:57.926,[0|10|20|30|40],[1|1|1|1|0],[-4.694602|-13.480234|-27.462746|-83.950233|0.000000]
03:21:58.021,[0|10|20|30|40],[1|1|1|1|0],[-4.553425|-13.377497|-22.881721|-63.154175|0.000000]
03:21:58.126,[0|10|20|30|40],[1|1|1|1|0],[-4.532057|-12.902480|-31.798100|-85.344696|0.000000]
03:21:58.224,[0|10|20|30|40],[1|1|1|1|0],[-2.456376|-11.259064|-30.936813|-75.860451|0.000000]
03:21:58.338,[0|10|20|30|40],[1|1|1|1|0],[-4.265976|-15.546047|-34.733177|-90.794563|0.000000]
03:21:58.439,[0|10|20|30|40],[1|1|1|1|0],[-4.112300|-14.992973|-35.309196|-101.057098|0.000000]
03:21:58.532,[0|10|20|30|40],[1|1|1|1|0],[-4.732217|-19.422913|-41.779922|-82.447578|0.000000]
03:21:58.633,[0|10|20|30|40],[1|1|1|1|0],[-5.102542|-17.231321|-38.859104|-89.874458|0.000000]
03:21:58.735,[0|10|20|30|40],[1|1|1|1|0],[-5.530587|-19.149261|-41.979527|-99.263573|0.000000]
03:21:58.834,[0|10|20|30|40],[1|1|1|1|0],[-5.331156|-20.392742|-39.379002|-105.542137|0.000000]
03:21:58.917,[0|10|20|30|40],[1|1|1|1|0],[-6.761531|-22.496164|-41.669178|-80.155800|0.000000]
03:21:59.035,[0|10|20|30|40],[1|1|1|1|0],[-4.618502|-20.187542|-40.056801|-21.778631|0.000000]
03:21:59.135,[0|10|20|30|40],[1|1|1|1|0],[6.587072|-22.876364|-42.786026|-23.649740|0.000000]
03:21:59.239,[0|10|20|30|40],[1|1|1|1|0],[5.105105|-21.901110|35.600567|32.754372|0.000000]
03:21:59.338,[0|10|20|30|40],[1|1|1|1|0],[6.597835|23.359684|33.524990|46.324966|0.000000]
03:21:59.438,[0|10|20|30|40],[1|1|1|1|0],[5.506414|20.873755|41.857647|50.349712|0.000000]
03:21:59.535,[0|10|20|30|40],[1|1|1|1|0],[5.750604|17.073090|28.130890|52.073574|0.000000]
03:21:59.632,[0|10|20|30|40],[1|1|1|1|0],[3.371639|15.674228|25.259495|55.989265|0.000000]
03:21:59.738,[0|10|20|30|40],[1|1|1|1|0],[3.482804|16.921366|26.935982|57.016518|0.000000]
03:21:59.835,[0|10|20|30|40],[1|1|1|1|0],[2.649376|14.619857|26.135397|76.998520|0.000000]
03:21:59.936,[0|10|20|30|40],[1|1|1|1|0],[-3.181441|-12.696052|-26.537228|-81.448700|0.000000]
03:22:00.039,[0|10|20|30|40],[1|1|1|1|0],[-3.688432|-15.887749|-29.242992|-58.405304|0.000000]
03:22:00.134,[0|10|20|30|40],[1|1|1|1|0],[-4.101553|-12.810081|-31.181574|-75.063705|0.000000]
03:22:00.237,[0|10|20|30|40],[1|1|1|1|0],[-3.743763|-16.465384|-28.928162|-82.284355|0.000000]
03:22:00.332,[0|10|20|30|40],[1|1|1|1|0],[-1.349986|-12.147320|-31.648468|-83.326385|0.000000]
03:22:00.434,[0|10|20|30|40],[1|1|1|1|0],[-2.829120|-13.791573|-34.302139|-76.011993|0.000000]
03:22:00.534,[0|10|20|30|40],[1|1|1|1|0],[-1.671649|-14.619976|-34.697056|-76.481392|0.000000]
03:22:00.635,[0|10|20|30|40],[1|1|1|1|0],[-2.641524|-14.003873|-37.981487|-68.036987|0.000000]
03:22:00.735,[0|10|20|30|40],[1|1|1|1|0],[-3.766131|-15.259785|-35.326813|-76.151947|0.000000]
03:22:00.834,[0|10|20|30|40],[1|1|1|1|0],[-3.503115|-16.011494|-35.699081|-76.449295|0.000000]
03:22:00.933,[0|10|20|30|40],[1|1|1|1|0],[-4.702674|-17.402958|-38.224266|-92.166710|0.000000]
03:22:01.034,[0|10|20|30|40],[1|1|1|1|0],[-5.969435|-16.730011|-37.915230|-76.613708|0.000000]
03:22:01.133,[0|10|20|30|40],[1|1|1|1|0],[-3.664744|-16.467381|-37.728046|-75.506638|0.000000]
03:22:01.232,[0|10|20|30|40],[1|1|1|1|0],[-4.734679|-16.318878|-32.253529|-89.895721|0.000000]
03:22:01.336,[0|10|20|30|40],[1|1|1|1|0],[-4.886390|-14.180228|-36.010315|-100.521133|0.000000]
03:22:01.434,[0|10|20|30|40],[1|1|1|1|0],[-4.017542|-14.727744|-37.108898|-71.185539|0.000000]
03:22:01.536,[0|10|20|30|40],[1|1|1|1|0],[-5.288389|-18.601078|-34.479355|-66.660118|0.000000]
03:22:01.633,[0|10|20|30|40],[1|1|1|1|0],[-3.861558|-16.350937|-34.976578|-65.936752|0.000000]
03:22:01.737,[0|10|20|30|40],[1|1|1|1|0],[-3.853394|-14.663619|-33.377434|-77.215431|0.000000]
03:22:01.835,[0|10|20|30|40],[1|1|1|1|0],[-5.179071|-20.396740|-39.158203|-62.689781|0.000000]
03:22:01.934,[0|10|20|30|40],[1|1|1|1|0],[-5.327434|-19.495949|-36.485744|-68.299911|0.000000]
03:22:02.032,[0|10|20|30|40],[1|1|1|1|0],[-5.891535|-21.297163|-33.786346|-61.610840|0.000000]
03:22:02.133,[0|10|20|30|40],[1|1|1|1|0],[-5.967947|-22.537786|-38.721107|-82.162094|0.000000]
03:22:02.237,[0|10|20|30|40],[1|1|1|1|0],[-7.916121|-20.876890|-36.019661|-101.552628|0.000000]
03:22:02.334,[0|10|20|30|40],[1|1|1|1|0],[-8.178440|-18.861317|-41.459965|-124.224236|0.000000]
03:22:02.435,[0|10|20|30|40],[1|1|1|1|0],[-6.935014|-19.949352|-40.515686|-120.100166|0.000000]
03:22:02.532,[0|10|20|30|40],[1|1|1|1|0],[-8.535686|-22.026325|-40.338493|-132.096680|0.000000]
03:22:02.638,[0|10|20|30|40],[1|1|1|1|0],[-9.171635|-24.201548|-42.572903|-81.097748|0.000000]
03:22:02.718,[0|10|20|30|40],[1|1|1|1|0],[-3.468953|-15.088916|-35.487366|-88.176437|0.000000]
03:22:02.825,[0|10|20|30|40],[1|1|1|1|0],[-4.304765|-14.576226|-33.725857|-88.560059|0.000000]
03:22:02.942,[0|10|20|30|40],[1|1|1|1|0],[-5.411707|-20.793718|-41.831112|-81.614304|0.000000]
03:22:03.026,[0|10|20|30|40],[1|1|1|1|0],[-3.471498|-16.200373|-37.592960|-68.215942|0.000000]
03:22:03.141,[0|10|20|30|40],[1|1|1|1|0],[-3.513661|-19.030180|-37.922955|-69.695328|0.000000]
03:22:03.241,[0|10|20|30|40],[1|1|1|1|0],[-4.298821|-17.551586|-34.050606|-83.698799|0.000000]
03:22:03.325,[0|10|20|30|40],[1|1|1|1|0],[-4.730760|-19.739622|-38.909889|-93.966148|0.000000]
03:22:03.425,[0|10|20|30|40],[1|1|1|1|0],[-3.738289|19.070107|32.714535|90.131088|0.000000]
03:22:03.525,[0|10|20|30|40],[1|1|1|1|0],[4.984111|22.128386|28.915644|93.212082|0.000000]
03:22:03.623,[0|10|20|30|40],[1|1|1|1|0],[5.965353|25.602320|33.833267|81.250336|0.000000]
03:22:03.724,[0|10|20|30|40],[1|1|1|1|0],[6.523460|27.884319|33.136513|91.712906|0.000000]
03:22:03.844,[0|10|20|30|40],[1|1|1|1|0],[4.358983|23.270473|29.710365|94.806099|0.000000]
03:22:03.944,[0|10|20|30|40],[1|1|1|1|0],[5.570307|16.781384|22.353863|95.558502|0.000000]
03:22:04.027,[0|10|20|30|40],[1|1|1|1|0],[5.226240|14.300722|22.196697|72.319122|0.000000]
03:22:04.142,[0|10|20|30|40],[1|1|1|1|0],[4.749045|16.279676|28.234886|95.175316|0.000000]
03:22:04.244,[0|10|20|30|40],[1|1|1|1|0],[3.130949|13.870883|30.558086|86.390259|0.000000]
03:22:04.344,[0|10|20|30|40],[1|1|1|1|0],[-3.899348|-12.879196|-29.629278|-105.424690|0.000000]
03:22:04.424,[0|10|20|30|40],[1|1|1|1|0],[-4.629880|-18.042612|-33.029701|-104.323006|0.000000]
03:22:04.528,[0|10|20|30|40],[1|1|1|1|1],[-5.027241|-19.855419|-38.148689|-97.765442|-20.237827]
03:22:04.629,[0|10|20|30|40],[1|1|1|1|0],[-5.888926|-22.173801|-41.763020|-105.191132|0.000000]
03:22:04.747,[0|10|20|30|40],[1|1|1|1|0],[-3.317714|-24.520630|-41.822769|-96.431587|0.000000]
03:22:04.822,[0|10|20|30|40],[1|1|1|1|0],[-3.325240|-24.598551|-40.767120|-97.970581|0.000000]
03:22:04.928,[0|10|20|30|40],[1|1|1|1|0],[-4.647453|-25.010464|-38.089417|-86.554100|0.000000]
03:22:05.024,[0|10|20|30|40],[1|1|1|1|0],[-4.917181|-19.305241|-32.090187|-80.002213|0.000000]
03:22:05.125,[0|10|20|30|40],[1|1|1|1|0],[-5.358507|-19.375137|-33.149315|-77.771088|0.000000]
03:22:05.224,[0|10|20|30|40],[1|1|1|1|1],[-7.576688|-21.666019|-37.554050|-87.133171|-23.612022]
03:22:05.343,[0|10|20|30|40],[1|1|1|1|1],[-5.235571|-19.750977|-37.749886|-80.047699|-50.945473]
03:22:05.442,[0|10|20|30|40],[1|1|1|1|0],[2.810142|-19.642931|-39.734985|-76.529694|0.000000]
03:22:05.543,[0|10|20|30|40],[1|1|1|1|1],[-3.623442|-20.567781|-40.353775|-84.326599|-20.025730]
03:22:05.643,[0|10|20|30|40],[1|1|1|1|1],[-4.011361|-24.629589|-32.539631|-83.436676|-40.134907]
03:22:05.747,[0|10|20|30|40],[1|1|1|1|1],[-4.053329|-28.372892|-35.025742|-82.099960|-18.257999]
03:22:05.827,[0|10|20|30|40],[1|1|1|1|0],[-4.811913|-27.661789|-37.394501|-95.944122|0.000000]
03:22:05.926,[0|10|20|30|40],[1|1|1|1|0],[-6.453225|-29.336107|-42.346336|-89.060883|0.000000]
03:22:06.022,[0|10|20|30|40],[1|1|1|1|1],[-7.671907|-28.795799|-42.523598|-100.331642|-9.375095]
03:22:06.124,[0|10|20|30|40],[1|1|1|1|1],[-3.760824|-20.773512|-31.970192|-91.525742|-29.228783]
03:22:06.223,[0|10|20|30|40],[1|1|1|1|1],[-4.592024|-26.903231|-40.081142|-86.510376|-37.695312]
03:22:06.341,[0|10|20|30|40],[1|1|1|1|1],[-6.651253|-25.691032|-38.068295|-84.957977|-21.003342]
03:22:06.441,[0|10|20|30|40],[1|1|1|1|1],[-7.169929|-24.697309|-36.322258|-80.082748|-36.503887]
03:22:06.526,[0|10|20|30|40],[1|1|1|1|1],[-5.647974|-23.642164|-30.748726|-69.152115|-39.917946]
03:22:06.641,[0|10|20|30|40],[1|1|1|1|1],[-6.307040|-21.206833|-27.715540|-47.206352|-55.791664]
03:22:06.727,[0|10|20|30|40],[1|1|1|1|1],[-6.049150|-19.621342|-25.488876|-52.582645|-61.588860]
03:22:06.845,[0|10|20|30|40],[1|1|1|1|1],[-8.250579|-22.728289|-29.813217|-63.319492|-49.132442]
03:22:06.928,[0|10|20|30|40],[1|1|1|1|1],[-9.271811|-21.690060|-27.891945|-58.047630|-49.112034]
03:22:07.026,[0|10|20|30|40],[1|1|1|1|1],[-9.708760|-23.031122|-25.959564|-47.358704|-23.692703]
03:22:07.144,[0|10|20|30|40],[1|1|1|1|1],[-6.849719|-19.620054|-21.281887|-61.890984|-50.431347]
03:22:07.225,[0|10|20|30|40],[1|1|1|1|1],[-7.166976|-16.808075|-23.566700|-56.184292|-62.076092]
03:22:07.330,[0|10|20|30|40],[1|1|1|1|1],[-8.243367|-19.350237|-21.173191|-55.986691|-90.553520]
03:22:07.424,[0|10|20|30|40],[1|1|1|1|1],[-4.913623|-18.141859|-20.210600|-61.716843|-108.791687]
03:22:07.524,[0|10|20|30|40],[1|1|1|1|1],[-5.492058|-16.697931|-18.842649|-45.774651|-86.872391]
03:22:07.621,[0|10|20|30|40],[1|1|1|1|1],[-5.582063|-17.790359|-24.567413|-62.153671|-116.424515]
03:22:07.728,[0|10|20|30|40],[1|1|1|1|1],[-5.441823|18.221191|25.457550|68.084335|-96.992729]
03:22:07.844,[0|10|20|30|40],[1|1|1|1|1],[7.185946|19.791655|31.048786|84.512970|70.892334]
03:22:07.921,[0|10|20|30|40],[1|1|1|1|1],[5.144285|21.515707|34.349014|72.352722|94.486328]
03:22:08.041,[0|10|20|30|40],[1|1|1|1|1],[6.005988|20.544830|30.825794|66.364410|75.075867]
03:22:08.142,[0|10|20|30|40],[1|1|1|1|1],[7.189345|18.782503|29.119741|68.214775|88.026955]
03:22:08.226,[0|10|20|30|40],[1|1|1|1|1],[3.726503|17.329735|26.970922|58.305595|115.677597]
03:22:08.325,[0|10|20|30|40],[1|1|1|1|1],[4.405187|19.368067|26.812160|52.450775|-96.608780]
03:22:08.423,[0|10|20|30|40],[1|1|1|1|1],[5.823040|17.242373|22.578203|52.838943|-112.290955]
03:22:08.541,[0|10|20|30|40],[1|1|1|1|1],[3.526471|15.487472|20.633305|-42.401550|-116.022728]
03:22:08.627,[0|10|20|30|40],[1|1|1|1|1],[-2.936254|-14.522162|-21.957470|-47.143436|-129.825256]
03:22:08.742,[0|10|20|30|40],[1|1|1|1|1],[-3.717105|-13.021848|-19.356298|-54.293133|-31.981516]
03:22:08.844,[0|10|20|30|40],[1|1|1|1|1],[-4.082744|-10.946706|-23.486053|-47.208668|-41.638229]
03:22:08.942,[0|10|20|30|40],[1|1|1|1|1],[-4.811029|-14.967023|-22.504341|-49.241302|-57.721519]
03:22:09.041,[0|10|20|30|40],[1|1|1|1|1],[-3.907244|-18.594431|-27.911245|-54.773808|-76.355072]
03:22:09.145,[0|10|20|30|40],[1|1|1|1|1],[-5.539796|-20.625240|-26.685678|-46.428181|-98.021080]
03:22:09.244,[0|10|20|30|40],[1|1|1|1|1],[-7.837451|-27.020952|-31.516207|-44.021416|-109.479858]
03:22:09.324,[0|10|20|30|40],[1|1|1|1|1],[-9.108346|-29.129606|-32.456039|-46.249031|-115.185310]
03:22:09.423,[0|10|20|30|40],[1|1|1|1|1],[-6.767872|-21.918623|-27.430321|-42.323326|-19.280434]
03:22:09.524,[0|10|20|30|40],[1|1|1|1|1],[-8.344315|-24.030647|-31.855572|-44.680977|-29.743433]
03:22:09.622,[0|10|20|30|40],[1|1|1|1|1],[-9.639006|-24.505402|-26.362288|-37.083912|-37.214615]
03:22:09.723,[0|10|20|30|40],[1|1|1|1|1],[-10.139841|-19.649164|-22.395111|-39.206219|-46.310379]
03:22:09.842,[0|10|20|30|40],[1|1|1|1|1],[-7.570541|-21.836889|-20.992088|-36.888958|-53.866005]
03:22:09.925,[0|10|20|30|40],[1|1|1|1|1],[-7.658528|-21.735317|-23.951757|-34.144783|-41.344215]
03:22:10.044,[0|10|20|30|40],[1|1|1|1|1],[-8.227330|-20.731699|-21.559547|-26.769901|-51.825569]
03:22:10.143,[0|10|20|30|40],[1|1|1|1|1],[-6.199005|-17.352446|-25.330650|-31.372524|-67.969421]
03:22:10.228,[0|10|20|30|40],[1|1|1|1|1],[-8.077950|-20.797010|-27.379536|-31.730198|-59.816265]
03:22:10.343,[0|10|20|30|40],[1|1|1|1|1],[-10.818924|-24.825567|-28.923141|-34.391167|-58.767700]
03:22:10.446,[0|10|20|30|40],[1|1|1|1|1],[-9.784106|-26.593002|-26.290464|-30.978394|-68.794060]
03:22:10.544,[0|10|20|30|40],[1|1|1|1|1],[-12.902191|-31.106270|-27.075363|-31.663059|-83.460999]
03:22:10.623,[0|10|20|30|40],[1|1|1|1|1],[-13.394958|-29.750738|-24.432480|-30.979109|-83.044479]
03:22:10.725,[0|10|20|30|40],[1|1|1|1|1],[-11.887868|-25.894508|-24.218391|-38.115837|-95.440384]
03:22:10.822,[0|10|20|30|40],[1|1|1|1|1],[-10.618975|-21.699175|-17.963207|-37.893250|-99.000839]
03:22:10.942,[0|10|20|30|40],[1|1|1|1|1],[-10.655038|-20.789145|-20.783091|-49.462654|-91.648956]
03:22:11.026,[0|10|20|30|40],[1|1|1|1|1],[-12.561575|-20.153122|-21.076441|-46.546627|-99.183609]
03:22:11.126,[0|10|20|30|40],[1|1|1|1|1],[-11.364571|-22.396500|-26.944792|-47.860863|-91.556404]
03:22:11.245,[0|10|20|30|40],[1|1|1|1|1],[-9.899086|-19.194962|-21.459198|-46.396328|-113.415054]
03:22:11.346,[0|10|20|30|40],[1|1|1|1|1],[-8.280649|-20.294970|-26.766491|-50.397110|-118.315742]
03:22:11.422,[0|10|20|30|40],[1|1|1|1|1],[-8.800789|-23.654680|-28.813744|-53.309486|-132.200150]
03:22:11.545,[0|10|20|30|40],[1|1|1|1|1],[-11.054214|-28.932037|-34.593212|-66.642616|-160.095169]
03:22:11.647,[0|10|20|30|40],[1|1|1|1|1],[-13.111012|-29.134417|-33.886101|-70.286919|-148.788071]
03:22:11.722,[0|10|20|30|40],[1|1|1|1|1],[-11.322435|-28.162416|-33.492565|-61.978626|-135.487228]
03:22:11.829,[0|10|20|30|40],[1|1|1|1|1],[-10.425783|-28.908342|-30.905415|-65.333344|-125.723839]
03:22:11.943,[0|10|20|30|40],[1|1|1|1|1],[-11.538561|-30.946857|-31.023048|-63.569427|-123.401405]
03:22:12.023,[0|10|20|30|40],[1|1|1|1|1],[-8.363821|30.571562|28.404163|54.762459|119.670677]
03:22:12.143,[0|10|20|30|40],[1|1|1|1|1],[11.774837|33.272434|31.403805|58.312943|134.609512]
03:22:12.223,[0|10|20|30|40],[1|1|1|1|1],[11.650952|33.128948|35.609100|53.088524|124.728920]
03:22:12.342,[0|10|20|30|40],[1|1|1|1|1],[12.020937|33.300888|30.812216|61.735298|148.450333]
03:22:12.442,[0|10|20|30|40],[1|1|1|1|1],[9.285965|31.565800|35.546421|66.452240|151.810028]
03:22:12.544,[0|10|20|30|40],[1|1|1|1|1],[10.944395|31.187429|31.834148|72.569420|155.410675]
03:22:12.625,[0|10|20|30|40],[1|1|1|1|1],[13.247293|32.552753|37.195717|87.056351|187.611099]
03:22:12.725,[0|10|20|30|40],[1|1|1|1|1],[10.846877|30.258125|34.794281|82.422470|179.979523]
03:22:12.827,[0|10|20|30|40],[1|1|1|1|1],[10.899188|30.240059|39.601196|89.220383|167.660141]
03:22:12.921,[0|10|20|30|40],[1|1|1|1|1],[-10.543484|-34.301697|-43.336342|-100.171951|-182.788513]
03:22:13.026,[0|10|20|30|40],[1|1|1|1|1],[-11.133084|-32.539616|-50.876640|-104.726746|-166.884903]
03:22:13.124,[0|10|20|30|40],[1|1|1|1|1],[-7.488166|-31.664383|-53.125584|-100.039146|-150.228592]
03:22:13.227,[0|10|20|30|40],[1|1|1|1|1],[-9.893909|-36.380672|-49.107170|-91.393974|-122.557022]
03:22:13.342,[0|10|20|30|40],[1|1|1|1|1],[-9.201873|-33.886982|-54.112350|-88.032555|-72.741936]
03:22:13.422,[0|10|20|30|40],[1|1|1|1|1],[-9.263101|-41.569489|-49.200607|-70.341156|-75.694847]
03:22:13.544,[0|10|20|30|40],[1|1|1|1|1],[-12.719679|-41.950607|-58.105564|-55.910564|-83.773804]
03:22:13.646,[0|10|20|30|40],[1|1|1|1|1],[-13.435407|-44.441254|-56.779037|-49.444344|-96.858978]
03:22:13.722,[0|10|20|30|40],[1|1|1|1|1],[-14.082016|-49.162167|-49.816357|-45.159077|-82.342056]
03:22:13.822,[0|10|20|30|40],[1|1|1|1|1],[-15.330558|-53.933388|-42.953587|-29.197670|-86.343239]
03:22:13.926,[0|10|20|30|40],[1|1|1|1|1],[-15.550733|-47.314255|-29.286825|-25.206137|-76.026917]
03:22:14.024,[0|10|20|30|40],[1|1|1|1|1],[-16.810625|-45.396118|-25.475275|-20.751835|-56.660748]
03:22:14.124,[0|10|20|30|40],[1|1|1|1|1],[-19.358162|-45.734631|-19.967747|-17.554808|-59.001064]
03:22:14.227,[0|10|20|30|40],[1|1|1|1|1],[-22.058567|-36.677788|-10.955275|-15.943241|-65.317154]
03:22:14.343,[0|10|20|30|40],[1|1|1|1|1],[-20.290497|-31.552925|-7.576418|-16.488480|-57.720661]
03:22:14.422,[0|10|20|30|40],[1|1|1|1|1],[-19.783941|-14.985141|-4.409087|10.084486|-30.059147]
03:22:14.544,[0|10|20|30|40],[1|1|1|1|1],[-17.449247|-11.024654|-5.100083|-10.351515|-27.645826]
03:22:14.644,[0|10|20|30|40],[1|1|1|1|1],[-9.740011|-11.711443|-4.902267|-11.410332|-31.709051]
03:22:14.744,[0|10|20|30|40],[1|1|1|1|1],[-7.538301|-9.190443|-5.296922|-12.398624|-34.205723]
03:22:14.845,[0|10|20|30|40],[1|1|1|1|1],[-8.565661|-8.386731|-5.948234|-13.401842|-37.114861]
03:22:14.924,[0|10|20|30|40],[1|1|1|1|1],[-5.845405|-8.108422|-7.030034|-14.662981|-36.012268]
03:22:15.026,[0|10|20|30|40],[1|1|1|1|1],[-3.529575|-7.251080|-6.285262|-14.217138|-32.061768]
03:22:15.122,[0|10|20|30|40],[1|1|1|1|1],[-4.273070|-8.233481|-14.963454|-9.957504|-17.786217]
03:22:15.241,[0|10|20|30|40],[1|1|1|1|1],[-5.777910|-8.674823|-15.194422|-7.130980|-9.371257]
03:22:15.326,[0|10|20|30|40],[1|1|1|1|1],[-6.532072|-9.228429|-15.243501|-6.535721|-5.905914]
03:22:15.426,[0|10|20|30|40],[1|1|1|1|1],[-3.530528|-7.624022|-12.188840|-6.225777|-5.107832]
03:22:15.527,[0|10|20|30|40],[1|1|1|1|1],[-3.530356|-10.653110|-14.896184|-9.389186|-6.524062]
03:22:15.626,[0|10|20|30|40],[1|1|1|1|1],[-3.691648|-10.598807|-13.609773|-9.766769|-6.708884]
03:22:15.745,[0|10|20|30|40],[1|1|1|1|1],[-3.968111|-13.340714|-11.248178|-9.209574|-7.468653]
03:22:15.846,[0|10|20|30|40],[1|1|1|1|1],[-3.779623|-14.638108|-9.706963|-11.574257|-10.480928]
03:22:15.945,[0|10|20|30|40],[1|1|1|1|1],[-4.465128|-13.806593|-9.860229|-11.584568|-11.209106]
03:22:16.044,[0|10|20|30|40],[1|1|1|1|1],[-1.474919|-7.819508|-7.229817|-9.946775|-15.227556]
03:22:16.125,[0|10|20|30|40],[1|1|1|1|1],[-1.903982|-7.688745|-9.799218|-7.223284|-11.304522]
03:22:16.222,[0|10|20|30|40],[1|1|1|1|1],[-3.291253|-7.635769|-9.856492|-8.491921|-14.156938]
03:22:16.324,[0|10|20|30|40],[1|1|1|1|1],[4.398838|7.507472|-8.933330|-8.453333|-12.533021]
03:22:16.423,[0|10|20|30|40],[1|1|1|1|1],[1.857440|4.982059|-5.601764|-7.531643|-11.116099]
03:22:16.524,[0|10|20|30|40],[1|1|1|1|1],[2.282841|8.543656|-5.617106|8.096290|-11.730909]
03:22:16.643,[0|10|20|30|40],[1|1|1|1|1],[1.897208|8.124457|10.058337|11.792183|-10.446191]
03:22:16.724,[0|10|20|30|40],[1|1|1|1|1],[1.927908|9.830229|-7.181060|8.410978|-7.897139]
03:22:16.843,[0|10|20|30|40],[1|1|1|1|1],[2.846128|10.328174|-7.376224|7.529724|-6.908846]
03:22:16.923,[0|10|20|30|40],[1|1|1|1|1],[3.413981|11.070691|-7.526314|4.609799|-5.495572]
03:22:17.026,[0|10|20|30|40],[1|1|1|1|1],[4.357928|8.113731|9.541291|3.906262|-5.000401]
03:22:17.125,[0|10|20|30|40],[1|1|1|1|1],[5.624103|-8.858222|-8.706969|-4.231763|-5.842710]
03:22:17.244,[0|10|20|30|40],[1|1|1|1|1],[-5.924607|-12.978957|-9.298759|-4.936492|5.326533]
03:22:17.324,[0|10|20|30|40],[1|1|1|1|1],[-6.270345|-13.044781|-8.507151|-4.854918|5.834508]
03:22:17.427,[0|10|20|30|40],[1|1|1|1|1],[-3.982939|-12.192960|-5.690193|-4.720151|4.877400]
03:22:17.524,[0|10|20|30|40],[1|1|1|1|1],[-5.239157|-7.496647|-2.873576|-4.628289|5.347538]
03:22:17.621,[0|10|20|30|40],[1|1|1|1|1],[-3.343471|-7.621507|-5.151200|-4.352653|4.174781]
03:22:17.722,[0|10|20|30|40],[1|1|1|1|1],[-4.475538|-8.663249|-7.419234|-6.649590|-3.678560]
03:22:17.826,[0|10|20|30|40],[1|1|1|1|1],[-6.388537|-10.061893|-6.349385|-6.595004|4.564357]
03:22:17.927,[0|10|20|30|40],[1|1|1|1|1],[-6.749411|-6.998600|-5.625444|-4.654360|5.709815]
03:22:18.044,[0|10|20|30|40],[1|1|1|1|1],[-7.034154|-7.992387|-6.532562|-4.800653|7.351339]
03:22:18.143,[0|10|20|30|40],[1|1|1|1|1],[-5.275551|-7.962350|-6.912053|-4.459190|6.096590]
03:22:18.244,[0|10|20|30|40],[1|1|1|1|1],[-5.757321|-8.343556|-7.173836|-4.177618|4.881191]
03:22:18.321,[0|10|20|30|40],[1|1|1|1|1],[-5.284189|-7.698737|-5.001104|-4.283679|4.959524]
03:22:18.424,[0|10|20|30|40],[1|1|1|1|1],[-5.649521|-8.725731|-4.735419|-4.487437|5.619323]
03:22:18.542,[0|10|20|30|40],[1|1|1|1|1],[-4.353199|-6.784578|-4.766214|-4.941863|7.635081]
03:22:18.622,[0|10|20|30|40],[1|1|1|1|1],[-2.631249|-4.720642|-3.048670|-4.815543|9.731256]
03:22:18.741,[0|10|20|30|40],[1|1|1|1|1],[-2.662040|-4.384613|-4.889166|-4.263741|6.113696]
03:22:18.828,[0|10|20|30|40],[1|1|1|1|1],[-3.057548|-3.956750|-3.885069|2.053285|6.850064]
03:22:18.942,[0|10|20|30|40],[1|1|1|1|1],[-1.880840|-2.254324|-3.952289|2.403414|7.757103]
03:22:19.044,[0|10|20|30|40],[1|1|1|1|1],[-2.377332|-2.438250|-3.884721|2.901900|8.799869]
03:22:19.125,[0|10|20|30|40],[1|1|1|1|1],[-1.888416|-2.581911|-3.816700|3.736311|11.462790]
03:22:19.235,[0|10|20|30|40],[1|1|1|1|1],[-2.078230|-2.880026|-3.651845|2.932167|9.730166]
03:22:19.339,[0|10|20|30|40],[1|1|1|1|1],[-1.561487|-2.888508|-3.045350|3.431859|11.221754]
03:22:19.431,[0|10|20|30|40],[1|1|1|1|1],[-1.699746|-3.241569|-2.665973|3.959262|12.608231]
03:22:19.532,[0|10|20|30|40],[1|1|1|1|1],[-1.795334|-3.438003|-2.434900|4.696578|10.879538]
03:22:19.635,[0|10|20|30|40],[1|1|1|1|1],[-0.730944|1.535665|-2.066715|5.670640|11.942935]
03:22:19.738,[0|10|20|30|40],[1|1|1|1|1],[-0.716533|1.200641|-2.408418|6.561908|13.220016]
03:22:19.838,[0|10|20|30|40],[1|1|1|1|1],[-0.777612|1.299478|-2.683055|-3.183115|11.075361]
03:22:19.934,[0|10|20|30|40],[1|1|1|1|1],[-0.815808|-1.114977|-2.521856|3.787096|7.447879]
03:22:20.034,[0|10|20|30|40],[1|1|1|1|1],[-0.746170|-1.553024|-2.160076|-3.140967|4.873510]
03:22:20.139,[0|10|20|30|40],[1|1|1|1|1],[-1.022872|1.388617|-1.831137|3.322293|5.155288]
03:22:20.238,[0|10|20|30|40],[1|1|1|1|1],[-1.242713|1.559004|3.990299|5.192680|5.064577]
03:22:20.336,[0|10|20|30|40],[1|1|1|1|1],[-0.942204|1.718191|4.820056|4.673599|4.750318]
03:22:20.433,[0|10|20|30|40],[1|1|1|1|1],[-1.150066|-2.052236|5.502353|4.625850|5.997118]
03:22:20.531,[0|10|20|30|40],[1|1|1|1|1],[-1.227766|-2.681702|4.299991|6.521583|6.172503]
03:22:20.632,[0|10|20|30|40],[1|1|1|1|1],[1.286362|-3.277393|4.167778|5.576009|5.135258]
03:22:20.732,[0|10|20|30|40],[1|1|1|1|1],[1.334936|-3.687460|-4.053958|5.870213|4.805189]
03:22:20.836,[0|10|20|30|40],[1|1|1|1|1],[-1.277858|-3.917622|-4.921647|6.043055|4.323897]
03:22:20.932,[0|10|20|30|40],[1|1|1|1|1],[-1.529905|-3.908151|-4.902038|6.068845|-5.715868]
03:22:21.032,[0|10|20|30|40],[1|1|1|1|1],[-1.792202|-4.329774|-5.291454|6.051357|-6.417841]
03:22:21.133,[0|10|20|30|40],[1|1|1|1|1],[-2.265895|-4.392472|-5.624289|-7.725610|-8.901938]
03:22:21.240,[0|10|20|30|40],[1|1|1|1|1],[-2.343128|-4.319811|-5.753312|-8.852275|9.330866]
03:22:21.336,[0|10|20|30|40],[1|1|1|1|1],[-2.992088|-4.292530|2.411664|6.324014|11.447680]
03:22:21.435,[0|10|20|30|40],[1|1|1|1|1],[-1.871429|-1.857698|1.298714|7.821450|15.986827]
03:22:21.535,[0|10|20|30|40],[1|1|1|1|1],[2.025335|0.964036|2.585240|10.318828|19.298538]
03:22:21.641,[0|10|20|30|40],[1|1|1|1|1],[2.172868|0.904565|3.244422|11.319931|17.308409]
03:22:21.733,[0|10|20|30|40],[1|1|1|1|1],[1.417847|1.250799|4.906124|10.454616|16.954002]
03:22:21.832,[0|10|20|30|40],[1|1|1|1|1],[1.436509|1.810161|6.160219|9.020108|17.865229]
03:22:21.932,[0|10|20|30|40],[1|1|1|1|1],[0.772255|2.319142|7.593542|11.110390|15.483657]
03:22:22.038,[0|10|20|30|40],[1|1|1|1|1],[0.760987|2.875135|4.413779|11.403245|13.640174]
03:22:22.118,[0|10|20|30|40],[1|1|1|1|1],[0.827693|3.401825|4.882330|9.489313|9.422684]
03:22:22.234,[0|10|20|30|40],[1|1|1|1|1],[0.708918|3.058434|5.396430|8.302423|8.044553]
03:22:22.332,[0|10|20|30|40],[1|1|1|1|1],[0.680698|3.582135|5.172807|5.223680|8.627030]
03:22:22.434,[0|10|20|30|40],[1|1|1|1|1],[0.522404|3.162506|4.165011|4.581571|7.804623]
03:22:22.538,[0|10|20|30|40],[1|1|1|1|1],[0.813084|3.259094|4.142216|5.174965|5.540720]
03:22:22.635,[0|10|20|30|40],[1|1|1|1|1],[0.507614|2.487247|4.387826|5.790615|-2.971196]
03:22:22.732,[0|10|20|30|40],[1|1|1|1|1],[0.814196|2.108097|3.509268|5.192322|-3.074020]
03:22:22.834,[0|10|20|30|40],[1|1|1|1|1],[0.582111|1.612242|1.988736|5.297974|-2.840960]
03:22:22.934,[0|10|20|30|40],[1|1|1|1|1],[0.666916|1.643884|2.049202|4.331136|3.026122]
03:22:23.032,[0|10|20|30|40],[1|1|1|1|1],[-0.583330|1.921031|2.043426|5.455986|3.348172]
03:22:23.135,[0|10|20|30|40],[1|1|1|1|1],[0.537744|2.255902|2.085802|6.512511|4.226738]
03:22:23.235,[0|10|20|30|40],[1|1|1|1|1],[0.615562|2.370453|2.092081|5.833107|3.858227]
03:22:23.332,[0|10|20|30|40],[1|1|1|1|1],[-0.834078|2.341452|-3.211015|5.622530|3.540742]
03:22:23.438,[0|10|20|30|40],[1|1|1|1|1],[-0.991531|-1.889572|-2.497518|5.402669|3.928471]
03:22:23.535,[0|10|20|30|40],[1|1|1|1|1],[-1.074098|-2.391291|-2.129161|5.712724|3.341872]
03:22:23.638,[0|10|20|30|40],[1|1|1|1|1],[1.482230|-2.758649|-2.058402|6.254962|4.686844]
03:22:23.736,[0|10|20|30|40],[1|1|1|1|1],[1.560178|-3.043863|-2.063686|5.351138|4.295463]
03:22:23.835,[0|10|20|30|40],[1|1|1|1|1],[1.704115|-3.144702|-2.277154|3.893969|3.991565]
03:22:23.932,[0|10|20|30|40],[1|1|1|1|1],[1.843134|-3.057760|-2.194422|5.609524|5.280614]
03:22:24.033,[0|10|20|30|40],[1|1|1|1|1],[1.925793|-1.907027|-1.657343|5.027583|6.568334]
03:22:24.147,[0|10|20|30|40],[1|1|1|1|1],[2.111804|-1.888642|-1.662007|5.920670|6.441280]
03:22:24.222,[0|10|20|30|40],[1|1|1|1|1],[2.371144|-1.068851|-2.228251|6.237948|6.413826]
03:22:24.322,[0|10|20|30|40],[1|1|1|1|1],[-0.710481|-1.551694|-2.472016|5.158788|6.379822]
03:22:24.428,[0|10|20|30|40],[1|1|1|1|1],[0.748548|-1.763469|-2.606389|5.857924|6.257918]
03:22:24.522,[0|10|20|30|40],[1|1|1|1|1],[0.677675|-2.019566|-3.058252|-4.659873|6.332427]
03:22:24.621,[0|10|20|30|40],[1|1|1|1|1],[-0.559413|-1.550746|-3.395226|-5.191621|-6.442332]
03:22:24.742,[0|10|20|30|40],[1|1|1|1|1],[-0.550821|-1.127177|-4.223683|-5.667013|-5.810109]
03:22:24.826,[0|10|20|30|40],[1|1|1|1|1],[-0.482517|-2.374449|-4.800600|-6.316069|-5.312162]
03:22:24.942,[0|10|20|30|40],[1|1|1|1|1],[-0.538641|-2.654707|4.815674|-6.874557|7.515788]
03:22:25.042,[0|10|20|30|40],[1|1|1|1|1],[1.093563|-2.321425|4.646179|6.995992|7.897392]
03:22:25.122,[0|10|20|30|40],[1|1|1|1|1],[1.311886|-2.609748|4.131237|7.237424|8.006207]
03:22:25.224,[0|10|20|30|40],[1|1|1|1|1],[1.605085|-1.998004|3.218228|6.455220|8.633563]
03:22:25.342,[0|10|20|30|40],[1|1|1|1|1],[1.954424|1.766577|2.000403|6.465243|8.410926]
03:22:25.425,[0|10|20|30|40],[1|1|1|1|1],[2.118191|1.750064|2.156678|6.573763|10.344766]
03:22:25.525,[0|10|20|30|40],[1|1|1|1|1],[1.543689|1.519459|1.657021|2.422760|8.750762]
03:22:25.623,[0|10|20|30|40],[1|1|1|1|1],[1.436985|-1.550677|-1.401079|2.878061|-8.582536]
03:22:25.722,[0|10|20|30|40],[1|1|1|1|1],[-0.820088|-1.845014|1.477274|3.381884|-10.075720]
03:22:25.841,[0|10|20|30|40],[1|1|1|1|1],[0.756121|-1.893261|1.343256|2.411136|-11.309558]
03:22:25.942,[0|10|20|30|40],[1|1|1|1|1],[0.688487|-1.746714|1.162276|3.369545|-8.046931]
03:22:26.044,[0|10|20|30|40],[1|1|1|1|1],[0.672087|1.852086|0.935352|4.403621|-6.761918]
03:22:26.143,[0|10|20|30|40],[1|1|1|1|1],[-0.745741|1.863760|0.754151|5.324243|5.124530]
03:22:26.224,[0|10|20|30|40],[1|1|1|1|1],[0.538829|-2.198839|-1.271343|5.817317|5.151534]
03:22:26.325,[0|10|20|30|40],[1|1|1|1|1],[-0.945133|-1.975733|-1.762617|6.437710|4.875517]
03:22:26.428,[0|10|20|30|40],[1|1|1|1|1],[-1.434663|-1.792592|-2.165595|-2.172497|5.510411]
03:22:26.523,[0|10|20|30|40],[1|1|1|1|1],[-1.926979|-1.701540|-2.310863|-2.215672|5.981112]
03:22:26.624,[0|10|20|30|40],[1|1|1|1|1],[-2.207747|-1.871154|-3.300390|-3.789097|6.314042]
03:22:26.725,[0|10|20|30|40],[1|1|1|1|1],[-1.895306|-1.744485|-3.414428|-3.850362|6.943446]
03:22:26.824,[0|10|20|30|40],[1|1|1|1|1],[1.572019|-1.903719|-3.119338|-3.885606|5.190677]
03:22:26.943,[0|10|20|30|40],[1|1|1|1|1],[1.423135|-3.045783|-3.545290|-3.856090|4.542875]
03:22:27.028,[0|10|20|30|40],[1|1|1|1|1],[-1.678434|-2.737719|-3.400785|-3.872514|3.322047]
03:22:27.121,[0|10|20|30|40],[1|1|1|1|1],[-1.517984|-3.138280|-3.624037|-3.754893|2.731121]
03:22:27.242,[0|10|20|30|40],[1|1|1|1|1],[-1.376414|-2.559289|-3.243983|-2.769738|-4.313964]
03:22:27.346,[0|10|20|30|40],[1|1|1|1|1],[-1.341656|-2.455229|-3.119239|-2.512175|-5.029315]
03:22:27.442,[0|10|20|30|40],[1|1|1|1|1],[-1.463887|-2.321023|-2.044967|2.657670|-3.866041]
03:22:27.526,[0|10|20|30|40],[1|1|1|1|1],[-1.455590|2.642676|1.349273|-3.226006|-3.716522]
03:22:27.625,[0|10|20|30|40],[1|1|1|1|1],[-1.604369|2.629718|-1.197469|-3.518021|-3.731030]
03:22:27.725,[0|10|20|30|40],[1|1|1|1|1],[-1.681134|2.408510|1.283079|-3.696030|4.879683]
03:22:27.823,[0|10|20|30|40],[1|1|1|1|1],[1.276073|2.325213|1.452842|-2.119398|5.247056]
03:22:27.924,[0|10|20|30|40],[1|1|1|1|1],[1.546466|1.444423|1.687407|2.505136|7.900178]
03:22:28.024,[0|10|20|30|40],[1|1|1|1|1],[1.825792|1.363176|3.050727|3.017300|9.232319]
03:22:28.126,[0|10|20|30|40],[1|1|1|1|1],[1.667777|1.591110|3.329381|3.431106|9.661209]
03:22:28.221,[0|10|20|30|40],[1|1|1|1|1],[1.738301|2.746132|3.540754|4.054350|10.693539]
03:22:28.321,[0|10|20|30|40],[1|1|1|1|1],[1.076144|3.415617|3.198132|4.717213|10.794914]
03:22:28.444,[0|10|20|30|40],[1|1|1|1|1],[1.103076|4.019457|2.805799|5.380469|11.455345]
03:22:28.528,[0|10|20|30|40],[1|1|1|1|1],[1.173824|3.192359|-1.414257|4.772103|10.486782]
03:22:28.622,[0|10|20|30|40],[1|1|1|1|1],[1.301679|3.057420|2.226362|6.388700|10.325909]
03:22:28.744,[0|10|20|30|40],[1|1|1|1|1],[2.035262|-2.455801|2.607348|7.300645|7.646525]
03:22:28.825,[0|10|20|30|40],[1|1|1|1|1],[2.236801|2.423659|3.529355|5.797357|5.245686]
03:22:28.928,[0|10|20|30|40],[1|1|1|1|1],[-2.243441|2.208710|4.070485|6.202430|8.707821]
03:22:29.026,[0|10|20|30|40],[1|1|1|1|1],[-2.797514|2.352284|5.981508|6.767982|9.713924]
03:22:29.127,[0|10|20|30|40],[1|1|1|1|1],[-2.985001|3.025019|6.368896|7.606757|11.304188]
03:22:29.243,[0|10|20|30|40],[1|1|1|1|1],[-2.315587|-4.080349|-8.294069|-8.209348|12.864006]
03:22:29.326,[0|10|20|30|40],[1|1|1|1|1],[2.318652|-4.185945|-7.125914|-8.297843|12.526834]
03:22:29.444,[0|10|20|30|40],[1|1|1|1|1],[2.413502|-4.041360|-5.140347|-8.270491|13.400591]
03:22:29.543,[0|10|20|30|40],[1|1|1|1|1],[1.648638|-3.344815|-4.342061|-8.964432|13.074219]
03:22:29.645,[0|10|20|30|40],[1|1|1|1|1],[-1.754741|-3.663035|-4.426947|-6.106061|-10.085476]
03:22:29.722,[0|10|20|30|40],[1|1|1|1|1],[-1.964851|-3.299791|-4.666421|-5.502743|-11.689496]
03:22:29.829,[0|10|20|30|40],[1|1|1|1|1],[-2.295406|-2.926166|-2.212596|-2.895164|-5.419052]
03:22:29.924,[0|10|20|30|40],[1|1|1|1|1],[-2.365473|-1.573516|-2.398580|-3.201103|-4.418266]
