timestamp,distances,validty,bias
03:21:47.005,[0|10|20|30|40],[1|1|1|1|1],[-1.371490|-3.572926|-6.086420|-7.259455|7.230925]
03:21:47.104,[0|10|20|30|40],[1|1|1|1|1],[-1.486542|-4.014402|-6.103410|-7.808276|7.394849]
03:21:47.222,[0|10|20|30|40],[1|1|1|1|1],[1.816464|4.758123|6.981481|7.834816|8.828802]
03:21:47.304,[0|10|20|30|40],[1|1|1|1|1],[1.759033|4.462154|5.974791|6.825972|10.236071]
03:21:47.382,[0|10|20|30|40],[1|1|1|1|1],[2.002117|4.834859|5.261013|7.054578|10.697381]
03:21:47.482,[0|10|20|30|40],[1|1|1|1|1],[3.012568|5.690076|5.350816|7.550952|11.307133]
03:21:47.622,[0|10|20|30|40],[1|1|1|1|1],[3.417671|5.530900|6.804431|8.097774|11.908961]
03:21:47.706,[0|10|20|30|40],[1|1|1|1|1],[3.959007|7.270588|7.414927|9.261047|11.808407]
03:21:47.803,[0|10|20|30|40],[1|1|1|1|1],[4.538192|8.443583|8.352282|8.991673|10.659000]
03:21:47.886,[0|10|20|30|40],[1|1|1|1|1],[3.681705|7.224462|6.815560|7.923844|9.010093]
03:21:47.982,[0|10|20|30|40],[1|1|1|1|1],[3.457288|6.860403|7.515613|8.356649|9.773542]
03:21:48.084,[0|10|20|30|40],[1|1|1|1|1],[3.767633|6.045033|8.326983|8.811822|10.500699]
03:21:48.204,[0|10|20|30|40],[1|1|1|1|1],[4.238397|7.769934|8.411002|6.781072|13.274076]
03:21:48.282,[0|10|20|30|40],[1|1|1|1|1],[3.659022|8.893394|10.608624|9.711216|13.864356]
03:21:48.384,[0|10|20|30|40],[1|1|1|1|1],[4.458843|9.473891|11.079081|10.349168|13.981491]
03:21:48.506,[0|10|20|30|40],[1|1|1|1|1],[4.602624|8.531403|9.381384|10.462666|12.146884]
03:21:48.602,[0|10|20|30|40],[1|1|1|1|1],[3.216407|8.633476|10.039915|12.083268|13.237911]
03:21:48.705,[0|10|20|30|40],[1|1|1|1|1],[3.119607|8.904642|10.746148|14.770792|13.968963]
03:21:48.782,[0|10|20|30|40],[1|1|1|1|1],[3.658183|9.781192|13.318647|16.253647|14.294267]
03:21:48.886,[0|10|20|30|40],[1|1|1|1|1],[3.870711|10.107491|13.438479|14.034205|12.361884]
03:21:48.983,[0|10|20|30|40],[1|1|1|1|1],[4.167614|9.001737|12.150361|11.557987|10.860741]
03:21:49.083,[0|10|20|30|40],[1|1|1|1|1],[3.254167|9.605011|10.247621|7.371804|7.257450]
03:21:49.183,[0|10|20|30|40],[1|1|1|1|1],[3.642036|8.701491|9.305164|7.497752|5.300331]
03:21:49.281,[0|10|20|30|40],[1|1|1|1|1],[4.257278|8.959972|9.957650|8.844328|4.124498]
03:21:49.405,[0|10|20|30|40],[1|1|1|1|1],[5.257698|11.298072|14.333057|9.478593|-4.528308]
03:21:49.506,[0|10|20|30|40],[1|1|1|1|1],[3.555572|10.549349|12.662062|7.050663|-6.451130]
03:21:49.582,[0|10|20|30|40],[1|1|1|1|1],[3.224033|10.062525|11.392530|3.858936|-10.134292]
03:21:49.681,[0|10|20|30|40],[1|1|1|1|1],[2.344751|8.839191|11.002389|2.902722|-12.221766]
03:21:49.792,[0|10|20|30|40],[1|1|1|1|1],[2.381405|8.316074|8.853165|1.968944|-16.009689]
03:21:49.896,[0|10|20|30|40],[1|1|1|1|1],[3.119652|9.004201|7.876822|-4.032183|-20.273399]
03:21:49.977,[0|10|20|30|40],[1|1|1|1|1],[2.978805|10.171442|7.992041|-6.183875|-23.800373]
03:21:50.092,[0|10|20|30|40],[1|1|1|1|1],[2.471691|10.198082|7.334328|-7.999992|-25.763988]
03:21:50.195,[0|10|20|30|40],[1|1|1|1|1],[3.389937|9.222768|4.840696|-9.836078|-29.506969]
03:21:50.292,[0|10|20|30|40],[1|1|1|1|1],[1.024607|6.324347|5.820990|-11.256075|-27.557516]
03:21:50.394,[0|10|20|30|40],[1|1|1|1|1],[1.284719|6.204175|4.817045|-14.854503|-32.008507]
03:21:50.496,[0|10|20|30|40],[1|1|1|1|1],[-1.655966|8.238694|7.453322|-14.617252|-33.718536]
03:21:50.592,[0|10|20|30|40],[1|1|1|1|1],[-2.045983|7.637197|7.328129|-14.745760|31.735373]
03:21:50.693,[0|10|20|30|40],[1|1|1|1|1],[-2.450049|7.635963|6.298304|18.507528|28.481865]
03:21:50.798,[0|10|20|30|40],[1|1|1|1|1],[-3.331771|-8.803843|5.083454|16.270256|25.743389]
03:21:50.896,[0|10|20|30|40],[1|1|1|1|1],[-1.829612|-8.452553|4.749930|17.494560|21.065092]
03:21:50.993,[0|10|20|30|40],[1|1|1|1|1],[-2.280343|-5.508864|5.495179|19.032526|24.205971]
03:21:51.113,[0|10|20|30|40],[1|1|1|1|1],[-2.743524|-7.224335|5.333078|11.423445|21.349144]
03:21:51.213,[0|10|20|30|40],[1|1|1|1|1],[-3.280511|-5.393687|6.255603|11.071730|31.143284]
03:21:51.295,[0|10|20|30|40],[1|1|1|1|1],[-3.687492|-5.005825|7.417762|11.354733|-21.158600]
03:21:51.396,[0|10|20|30|40],[1|1|1|1|1],[3.427783|4.685998|7.557845|11.313057|-36.472893]
03:21:51.493,[0|10|20|30|40],[1|1|1|1|1],[4.118170|5.170241|5.360246|4.532766|-45.153999]
03:21:51.613,[0|10|20|30|40],[1|1|1|1|1],[3.304048|6.759259|8.741522|-7.100964|-57.274246]
03:21:51.697,[0|10|20|30|40],[1|1|1|1|1],[4.554474|6.646407|9.090281|-8.998585|-73.220917]
03:21:51.798,[0|10|20|30|40],[1|1|1|1|1],[4.504961|7.289916|6.896400|-13.418865|-33.738613]
03:21:51.892,[0|10|20|30|40],[1|1|1|1|1],[3.251064|4.543731|6.834865|-14.482880|-49.927807]
03:21:51.992,[0|10|20|30|40],[1|1|1|1|1],[3.386371|5.054024|6.616735|-14.349556|-14.971638]
03:21:52.112,[0|10|20|30|40],[1|1|1|1|1],[3.021683|-4.144335|-6.219435|-15.966797|3.241253]
03:21:52.193,[0|10|20|30|40],[1|1|1|1|1],[3.349637|-4.453534|-6.043816|-19.014168|-5.125237]
03:21:52.296,[0|10|20|30|40],[1|1|1|1|1],[3.064741|-4.995996|-6.202745|-19.284630|-11.502075]
03:21:52.393,[0|10|20|30|40],[1|1|1|1|1],[2.718131|-5.596152|-6.508708|-28.736305|-22.430992]
03:21:52.497,[0|10|20|30|40],[1|1|1|1|1],[-2.590662|-5.678943|-7.155609|-32.463646|-15.204048]
03:21:52.597,[0|10|20|30|40],[1|1|1|1|1],[1.102857|2.692625|-3.825021|-16.921473|-17.842102]
03:21:52.695,[0|10|20|30|40],[1|1|1|1|1],[1.863818|2.566522|-4.293895|-18.342924|-2.400303]
03:21:52.796,[0|10|20|30|40],[1|1|1|1|1],[-1.912543|-1.811266|-5.012202|-14.659452|-11.814404]
03:21:52.892,[0|10|20|30|40],[1|1|1|1|1],[1.591694|1.780507|-5.665517|-19.136810|-1.601887]
03:21:52.992,[0|10|20|30|40],[1|1|1|1|1],[-1.913297|2.220738|-5.839014|-25.402975|-6.634140]
03:21:53.092,[0|10|20|30|40],[1|1|1|1|1],[1.370046|2.575910|6.572866|-30.901718|-9.339333]
03:21:53.175,[0|10|20|30|40],[1|1|1|1|1],[1.128951|3.029778|6.869245|-27.261925|-1.375103]
03:21:53.277,[0|10|20|30|40],[1|1|1|1|1],[0.668162|-5.127513|7.194877|-24.837542|-19.695187]
03:21:53.393,[0|10|20|30|40],[1|1|1|1|0],[-1.040953|-5.399227|-6.523323|-29.677153|0.000000]
03:21:53.495,[0|10|20|30|40],[1|1|1|1|0],[-1.486093|-6.020981|-6.258154|-18.706179|0.000000]
03:21:53.595,[0|10|20|30|40],[1|1|1|1|0],[-1.547772|-6.003743|-6.110382|-25.419235|0.000000]
03:21:53.675,[0|10|20|30|40],[1|1|1|1|0],[-1.658168|-5.765510|-6.833959|-24.260235|0.000000]
03:21:53.787,[0|10|20|30|40],[1|1|1|1|0],[-2.194557|-6.751266|-6.911087|-31.295681|0.000000]
03:21:53.905,[0|10|20|30|40],[1|1|1|1|0],[-2.882630|-7.108063|-7.083297|-41.341255|0.000000]
03:21:54.005,[0|10|20|30|40],[1|1|1|1|0],[-2.517605|-6.670287|-7.738757|-43.112850|0.000000]
03:21:54.082,[0|10|20|30|40],[1|1|1|1|0],[-2.717510|4.730019|-7.372308|-53.106594|0.000000]
03:21:54.204,[0|10|20|30|40],[1|1|1|1|0],[-2.784243|5.356270|9.181452|-46.526573|0.000000]
03:21:54.284,[0|10|20|30|40],[1|1|1|1|0],[-2.757418|7.026759|13.626599|-51.438618|0.000000]
03:21:54.404,[0|10|20|30|40],[1|1|1|1|0],[-2.779806|8.119697|13.213658|-51.468803|0.000000]
03:21:54.484,[0|10|20|30|40],[1|1|1|1|0],[-2.866521|8.822513|12.282801|-62.519791|0.000000]
03:21:54.584,[0|10|20|30|40],[1|1|1|1|0],[1.399714|10.111409|11.371493|-48.190594|0.000000]
03:21:54.698,[0|10|20|30|40],[1|1|1|1|0],[2.794963|10.897019|-14.480066|-52.839043|0.000000]
03:21:54.798,[0|10|20|30|40],[1|1|1|1|0],[3.119418|12.370989|-15.069008|-51.580093|0.000000]
03:21:54.898,[0|10|20|30|40],[1|1|1|1|0],[4.039809|8.726621|-15.414453|-53.331993|0.000000]
03:21:54.978,[0|10|20|30|40],[1|1|1|1|0],[5.005980|6.289327|-16.539265|56.707859|0.000000]
03:21:55.078,[0|10|20|30|40],[1|1|1|1|0],[5.406803|-6.725171|-16.423702|42.045258|0.000000]
03:21:55.178,[0|10|20|30|40],[1|1|1|1|0],[-4.776490|-7.818791|23.333073|33.008385|0.000000]
03:21:55.294,[0|10|20|30|40],[1|1|1|1|0],[-5.213606|8.839237|19.292355|38.602448|0.000000]
03:21:55.398,[0|10|20|30|40],[1|1|1|1|0],[-4.957062|10.566815|20.184469|39.900970|0.000000]
03:21:55.492,[0|10|20|30|40],[1|1|1|1|0],[-1.903614|5.833838|13.770556|35.094688|0.000000]
03:21:55.598,[0|10|20|30|40],[1|1|1|1|0],[-2.023974|8.310572|11.360860|-36.997795|0.000000]
03:21:55.714,[0|10|20|30|40],[1|1|1|1|0],[-1.526800|9.494591|-9.010029|-29.325724|0.000000]
03:21:55.814,[0|10|20|30|40],[1|1|1|1|0],[-2.045178|-9.766468|-9.899592|-36.702682|0.000000]
03:21:55.894,[0|10|20|30|40],[1|1|1|1|0],[-1.268074|-10.359639|-6.872916|-45.550011|0.000000]
03:21:55.996,[0|10|20|30|40],[1|1|1|1|0],[-1.858905|-10.179228|-7.304764|-41.025398|0.000000]
03:21:56.099,[0|10|20|30|40],[1|1|1|1|0],[-1.323572|4.685670|-5.533266|-35.372589|0.000000]
03:21:56.204,[0|10|20|30|40],[1|1|1|1|0],[0.782496|4.816609|-6.558418|-52.810287|0.000000]
03:21:56.304,[0|10|20|30|40],[1|1|1|1|0],[-1.148203|4.792929|-4.407239|-38.915398|0.000000]
03:21:56.387,[0|10|20|30|40],[1|1|1|1|0],[-1.436335|-6.755197|-7.101440|-44.086647|0.000000]
03:21:56.505,[0|10|20|30|40],[1|1|1|1|0],[-2.489755|-6.125510|-8.156395|-51.903488|0.000000]
03:21:56.583,[0|10|20|30|40],[1|1|1|1|0],[-2.601614|-6.308002|-8.913064|-64.940834|0.000000]
03:21:56.702,[0|10|20|30|40],[1|1|1|1|0],[-3.513256|-6.283879|-9.427381|-44.737770|0.000000]
03:21:56.785,[0|10|20|30|40],[1|1|1|1|0],[-2.961847|-5.830860|-9.404016|-59.990978|0.000000]
03:21:56.884,[0|10|20|30|40],[1|1|1|1|0],[-2.986430|-6.301475|-6.829762|-50.306892|0.000000]
03:21:57.003,[0|10|20|30|40],[1|1|1|1|0],[-3.328033|6.299382|-9.596825|-46.283722|0.000000]
03:21:57.086,[0|10|20|30|40],[1|1|1|1|0],[3.929402|5.544549|-9.867787|-66.681671|0.000000]
03:21:57.184,[0|10|20|30|40],[1|1|1|1|0],[3.787275|6.037378|-10.970020|-50.674103|0.000000]
03:21:57.284,[0|10|20|30|40],[1|1|1|1|0],[3.608121|-6.656652|-12.105274|-65.370369|0.000000]
03:21:57.384,[0|10|20|30|40],[1|1|1|1|0],[-3.411800|-6.393337|-14.393330|-54.325821|0.000000]
03:21:57.502,[0|10|20|30|40],[1|1|1|1|0],[-3.814687|-7.789403|-17.467236|-70.934059|0.000000]
03:21:57.602,[0|10|20|30|40],[1|1|1|1|0],[-3.905617|-8.955997|-19.892384|-68.329430|0.000000]
03:21:57.685,[0|10|20|30|40],[1|1|1|1|0],[-3.260203|-7.156712|-14.705229|-61.998604|0.000000]
03:21:57.782,[0|10|20|30|40],[1|1|1|1|0],[-4.291659|-8.962661|-19.484949|-84.814880|0.000000]
03:21:57.887,[0|10|20|30|40],[1|1|1|1|0],[-4.503050|-10.723972|-27.590679|-105.411865|0.000000]
03:21:57.984,[0|10|20|30|40],[1|1|1|1|0],[-3.135305|-7.478154|-17.359209|-55.309200|0.000000]
03:21:58.088,[0|10|20|30|40],[1|1|1|1|0],[-3.333026|-9.212083|-21.670650|-67.940186|0.000000]
03:21:58.185,[0|10|20|30|40],[1|1|1|1|0],[-3.267128|-10.830498|-21.474339|-75.323151|0.000000]
03:21:58.273,[0|10|20|30|40],[1|1|1|1|0],[-4.389433|-12.562311|-19.714333|-55.014565|0.000000]
03:21:58.372,[0|10|20|30|40],[1|1|1|1|0],[-4.711645|-14.042944|-22.485806|-33.048248|0.000000]
03:21:58.494,[0|10|20|30|40],[1|1|1|1|0],[-5.782090|-17.814653|-26.773500|-45.690060|0.000000]
03:21:58.592,[0|10|20|30|40],[1|1|1|1|0],[-6.270345|-16.025002|-24.981094|-39.669563|0.000000]
03:21:58.678,[0|10|20|30|40],[1|1|1|1|0],[-5.056617|-10.064358|-14.703083|-41.622208|0.000000]
03:21:58.774,[0|10|20|30|40],[1|1|1|1|0],[-4.658836|-8.825790|-12.043285|-49.607040|0.000000]
03:21:58.898,[0|10|20|30|40],[1|1|1|1|0],[-5.741169|-8.904541|-14.085388|-38.379383|0.000000]
03:21:58.975,[0|10|20|30|40],[1|1|1|1|0],[-5.401482|-8.737242|-11.250496|-37.737942|0.000000]
03:21:59.078,[0|10|20|30|40],[1|1|1|1|0],[-5.490761|5.319113|-11.419296|-48.372314|0.000000]
03:21:59.175,[0|10|20|30|40],[1|1|1|1|0],[-6.577526|-4.776901|-11.140418|28.945971|0.000000]
03:21:59.272,[0|10|20|30|40],[1|1|1|1|0],[3.671653|-5.981636|-9.203696|33.939457|0.000000]
03:21:59.393,[0|10|20|30|40],[1|1|1|1|0],[4.148996|-5.815244|-8.852625|46.115829|0.000000]
03:21:59.474,[0|10|20|30|40],[1|1|1|1|0],[4.786057|-6.781178|-9.119272|39.438103|0.000000]
03:21:59.575,[0|10|20|30|40],[1|1|1|1|0],[4.184768|7.551551|11.129260|54.981995|0.000000]
03:21:59.692,[0|10|20|30|40],[1|1|1|1|0],[3.480829|8.417404|13.144374|54.941177|0.000000]
03:21:59.793,[0|10|20|30|40],[1|1|1|1|0],[-1.244258|-4.893804|10.420132|60.102127|0.000000]
03:21:59.874,[0|10|20|30|40],[1|1|1|1|0],[-1.274024|-5.640989|10.481739|74.027725|0.000000]
03:21:59.976,[0|10|20|30|40],[1|1|1|1|0],[-2.130984|-7.146949|-11.652040|-52.382324|0.000000]
03:22:00.093,[0|10|20|30|40],[1|1|1|1|0],[-2.405345|-7.186747|-17.820549|-67.854164|0.000000]
03:22:00.195,[0|10|20|30|40],[1|1|1|1|0],[-3.764368|-10.826206|-18.304848|-50.845051|0.000000]
03:22:00.313,[0|10|20|30|40],[1|1|1|1|0],[-4.130714|-12.010550|-22.508408|-55.788612|0.000000]
03:22:00.395,[0|10|20|30|40],[1|1|1|1|0],[-4.110795|-12.799656|-26.911783|-34.783600|0.000000]
03:22:00.498,[0|10|20|30|40],[1|1|1|1|0],[-2.545081|-13.582474|-26.981426|-45.636749|0.000000]
03:22:00.593,[0|10|20|30|40],[1|1|1|1|0],[-3.587320|-14.145059|-23.808743|-53.291847|0.000000]
03:22:00.700,[0|10|20|30|40],[1|1|1|1|0],[-3.999290|-15.569246|-22.248436|-43.236015|0.000000]
03:22:00.794,[0|10|20|30|40],[1|1|1|1|0],[-4.984424|-14.192522|-20.249916|-50.396965|0.000000]
03:22:00.893,[0|10|20|30|40],[1|1|1|1|0],[-4.067811|-15.465969|-21.217419|-43.272305|0.000000]
03:22:00.993,[0|10|20|30|40],[1|1|1|1|0],[-5.100958|-13.401735|-19.719505|-37.783813|0.000000]
03:22:01.092,[0|10|20|30|40],[1|1|1|1|0],[-3.304968|-14.695204|-17.658949|-52.027702|0.000000]
03:22:01.213,[0|10|20|30|40],[1|1|1|1|0],[-2.864186|-14.032745|-18.541931|-36.576176|0.000000]
03:22:01.276,[0|10|20|30|40],[1|1|1|1|0],[-2.301677|-9.674561|-11.733031|-41.279888|0.000000]
03:22:01.392,[0|10|20|30|40],[1|1|1|1|0],[-2.205536|-7.230968|-11.784244|-50.916672|0.000000]
03:22:01.495,[0|10|20|30|40],[1|1|1|1|0],[-3.048277|-7.794261|-13.066316|-14.870691|0.000000]
03:22:01.576,[0|10|20|30|40],[1|1|1|1|0],[-3.443493|-8.292365|-6.458211|-22.073984|0.000000]
03:22:01.677,[0|10|20|30|40],[1|1|1|1|0],[-3.485689|-7.810378|-6.860352|-25.391817|0.000000]
03:22:01.797,[0|10|20|30|40],[1|1|1|1|0],[-3.656990|-6.482887|-5.489993|-27.303982|0.000000]
03:22:01.895,[0|10|20|30|40],[1|1|1|1|0],[-3.055870|-6.777340|-5.998111|-35.113190|0.000000]
03:22:01.998,[0|10|20|30|40],[1|1|1|1|0],[-1.974295|-4.472458|-6.151986|-33.016922|0.000000]
03:22:02.077,[0|10|20|30|40],[1|1|1|1|0],[-2.532641|-4.768443|-6.013489|-40.540840|0.000000]
03:22:02.195,[0|10|20|30|40],[1|1|1|1|0],[-1.910474|-5.034595|-6.819153|-41.288853|0.000000]
03:22:02.295,[0|10|20|30|40],[1|1|1|1|0],[-1.373920|-5.473495|-8.024526|-20.983887|0.000000]
03:22:02.378,[0|10|20|30|40],[1|1|1|1|0],[1.611818|-6.924021|-7.579041|-29.240179|0.000000]
03:22:02.493,[0|10|20|30|40],[1|1|1|1|0],[2.216965|-7.028860|-6.111169|-35.280132|0.000000]
03:22:02.598,[0|10|20|30|40],[1|1|1|1|0],[-2.383967|-6.946039|-6.735158|-42.382526|0.000000]
03:22:02.692,[0|10|20|30|40],[1|1|1|1|0],[-2.848972|-7.823199|-7.668543|-22.110081|0.000000]
03:22:02.784,[0|10|20|30|40],[1|1|1|1|0],[-3.811890|-7.200092|-9.219193|-28.277016|0.000000]
03:22:02.882,[0|10|20|30|40],[1|1|1|1|0],[-2.386949|-6.516075|-6.391621|-18.032885|0.000000]
03:22:02.987,[0|10|20|30|40],[1|1|1|1|0],[-2.734515|-6.454092|-7.544184|-28.855181|0.000000]
03:22:03.084,[0|10|20|30|40],[1|1|1|1|0],[-2.538820|-4.839623|6.053805|-27.753305|0.000000]
03:22:03.183,[0|10|20|30|40],[1|1|1|1|0],[-2.265996|-5.339867|7.298756|-37.342262|0.000000]
03:22:03.284,[0|10|20|30|40],[1|1|1|1|0],[1.837605|-5.045289|8.270025|-42.085693|0.000000]
03:22:03.405,[0|10|20|30|40],[1|1|1|1|0],[-2.362882|-4.752862|7.029676|-21.429205|0.000000]
03:22:03.486,[0|10|20|30|40],[1|1|1|1|0],[3.261327|5.610579|6.889248|27.071142|0.000000]
03:22:03.584,[0|10|20|30|40],[1|1|1|1|0],[3.383050|5.483657|6.704378|27.111864|0.000000]
03:22:03.686,[0|10|20|30|40],[1|1|1|1|0],[4.246052|4.927855|6.843424|27.977371|0.000000]
03:22:03.804,[0|10|20|30|40],[1|1|1|1|0],[3.147636|4.478067|-7.407022|30.077076|0.000000]
03:22:03.884,[0|10|20|30|40],[1|1|1|1|0],[2.959450|5.197394|-7.542205|51.357269|0.000000]
03:22:03.982,[0|10|20|30|40],[1|1|1|1|0],[3.693590|6.284177|-8.825541|64.953140|0.000000]
03:22:04.082,[0|10|20|30|40],[1|1|1|1|0],[4.302378|6.351137|-10.590649|67.811729|0.000000]
03:22:04.184,[0|10|20|30|40],[1|1|1|1|0],[4.986449|6.358171|-13.887882|73.313095|0.000000]
03:22:04.282,[0|10|20|30|40],[1|1|1|1|0],[4.196964|8.797544|-14.950848|86.427925|0.000000]
03:22:04.384,[0|10|20|30|40],[1|1|1|1|0],[-2.074073|-9.437550|-18.296600|-82.414673|0.000000]
03:22:04.482,[0|10|20|30|40],[1|1|1|1|0],[-2.388550|-10.530573|-19.853783|-81.659508|0.000000]
03:22:04.587,[0|10|20|30|40],[1|1|1|1|0],[-3.268503|-13.807482|-23.624849|-60.950897|0.000000]
03:22:04.681,[0|10|20|30|40],[1|1|1|1|0],[-4.333441|-12.877941|-25.409317|-70.883179|0.000000]
03:22:04.804,[0|10|20|30|40],[1|1|1|1|0],[-3.654345|-10.555154|-13.912940|-62.659168|0.000000]
03:22:04.883,[0|10|20|30|40],[1|1|1|1|0],[-4.154162|-11.641544|-17.320871|-61.930084|0.000000]
03:22:04.983,[0|10|20|30|40],[1|1|1|1|0],[-4.570612|-12.816656|-16.248751|-44.442986|0.000000]
03:22:05.085,[0|10|20|30|40],[1|1|1|1|0],[-4.879070|-9.853381|-14.720297|-41.839455|0.000000]
03:22:05.205,[0|10|20|30|40],[1|1|1|1|1],[-4.875021|-12.530458|-15.451312|-29.196835|-4.258060]
03:22:05.286,[0|10|20|30|40],[1|1|1|1|0],[-5.477777|-11.161775|-15.011477|-42.590904|0.000000]
03:22:05.402,[0|10|20|30|40],[1|1|1|1|0],[-5.411695|-12.380767|-15.182972|-53.571510|0.000000]
03:22:05.481,[0|10|20|30|40],[1|1|1|1|0],[-3.145791|-16.948902|-15.969729|-53.622772|0.000000]
03:22:05.602,[0|10|20|30|40],[1|1|1|1|1],[-4.006620|-18.040562|-16.897488|-74.846558|-6.679440]
03:22:05.701,[0|10|20|30|40],[1|1|1|1|1],[-5.204672|-18.520498|-20.459127|-88.612701|-18.401623]
03:22:05.786,[0|10|20|30|40],[1|1|1|1|1],[-4.758222|-12.718576|-14.909363|-83.667709|-47.269726]
03:22:05.886,[0|10|20|30|40],[1|1|1|1|0],[-4.041677|-13.521129|-14.730620|-54.836273|0.000000]
03:22:06.002,[0|10|20|30|40],[1|1|1|1|0],[-5.482276|-13.572895|-16.273546|-66.621590|0.000000]
03:22:06.105,[0|10|20|30|40],[1|1|1|1|0],[-5.481951|-11.511606|-17.647911|-75.098038|0.000000]
03:22:06.182,[0|10|20|30|40],[1|1|1|1|0],[-5.047375|-8.105922|-12.855482|-47.123814|0.000000]
03:22:06.287,[0|10|20|30|40],[1|1|1|1|1],[-4.981135|-7.570952|-15.363646|-57.762718|-6.550312]
03:22:06.406,[0|10|20|30|40],[1|1|1|1|1],[-4.484761|-9.380781|-18.099213|-60.979507|-15.072155]
03:22:06.486,[0|10|20|30|40],[1|1|1|1|1],[-4.267221|-9.304178|-12.708306|-61.253262|-25.480461]
03:22:06.603,[0|10|20|30|40],[1|1|1|1|1],[-5.160025|-11.501378|-12.953520|-56.727982|-29.802895]
03:22:06.686,[0|10|20|30|40],[1|1|1|1|1],[-4.681939|-12.366003|-14.255929|-39.402962|-32.055664]
03:22:06.787,[0|10|20|30|40],[1|1|1|1|1],[-5.678626|-12.988096|-13.313079|-16.737175|-55.773067]
03:22:06.885,[0|10|20|30|40],[1|1|1|1|1],[-6.239396|-15.468418|-17.410755|-27.068424|-49.314308]
03:22:06.985,[0|10|20|30|40],[1|1|1|1|1],[-6.254913|-11.664939|-13.076329|-33.947659|-56.436443]
03:22:07.084,[0|10|20|30|40],[1|1|1|1|1],[-8.308525|-14.045739|-11.932278|-41.514160|-87.271973]
03:22:07.185,[0|10|20|30|40],[1|1|1|1|1],[-8.890882|-12.699962|-15.081596|-52.784729|-22.140789]
03:22:07.285,[0|10|20|30|40],[1|1|1|1|1],[-7.309854|-12.504244|-14.819145|-54.106140|-36.822796]
03:22:07.383,[0|10|20|30|40],[1|1|1|1|1],[-8.878692|-12.726360|-15.257025|-54.131031|-42.340279]
03:22:07.504,[0|10|20|30|40],[1|1|1|1|1],[-6.823207|-10.624331|-15.678978|-59.582424|-68.478302]
03:22:07.584,[0|10|20|30|40],[1|1|1|1|1],[-6.419660|-10.061831|-16.542603|-58.522892|-76.675888]
03:22:07.682,[0|10|20|30|40],[1|1|1|1|1],[-7.566483|-11.570048|-18.303276|-53.941109|-55.637169]
03:22:07.785,[0|10|20|30|40],[1|1|1|1|1],[-4.619995|-8.328980|-13.218951|49.872398|39.945698]
03:22:07.884,[0|10|20|30|40],[1|1|1|1|1],[-3.903280|9.236651|16.380333|65.471649|63.341667]
03:22:08.002,[0|10|20|30|40],[1|1|1|1|1],[-3.507843|11.247605|18.422699|52.435066|43.563843]
03:22:08.084,[0|10|20|30|40],[1|1|1|1|1],[-3.510293|10.941511|15.567160|36.383057|49.799393]
03:22:08.183,[0|10|20|30|40],[1|1|1|1|1],[4.248947|13.262844|22.265768|44.091179|70.773506]
03:22:08.284,[0|10|20|30|40],[1|1|1|1|1],[5.713481|13.946283|25.022484|48.425102|71.673393]
03:22:08.405,[0|10|20|30|40],[1|1|1|1|1],[3.395033|-10.471970|20.830894|33.406162|-75.716827]
03:22:08.484,[0|10|20|30|40],[1|1|1|1|1],[3.338969|12.393540|27.044273|38.842819|-90.001724]
03:22:08.582,[0|10|20|30|40],[1|1|1|1|1],[-3.935981|-13.215047|22.844147|37.816765|-50.242710]
03:22:08.701,[0|10|20|30|40],[1|1|1|1|1],[-4.691071|-14.687922|-26.194811|-42.196846|-63.900566]
03:22:08.786,[0|10|20|30|40],[1|1|1|1|1],[-4.274466|-11.328387|-20.341133|-27.621984|-75.242378]
03:22:08.885,[0|10|20|30|40],[1|1|1|1|1],[3.006434|-11.842764|-20.610596|-29.994583|-55.765438]
03:22:08.982,[0|10|20|30|40],[1|1|1|1|1],[3.195503|-11.692542|-19.949223|-36.899902|-65.834717]
03:22:09.084,[0|10|20|30|40],[1|1|1|1|1],[3.313649|-8.079380|-15.951241|-26.464558|-81.223633]
03:22:09.206,[0|10|20|30|40],[1|1|1|1|1],[-3.397948|-9.148300|-18.163872|-31.674957|-53.817986]
03:22:09.304,[0|10|20|30|40],[1|1|1|1|1],[-3.682144|-10.192093|-22.943485|-34.239151|-18.164825]
03:22:09.385,[0|10|20|30|40],[1|1|1|1|1],[2.865530|-7.071879|-16.754103|-24.184704|-21.462917]
03:22:09.485,[0|10|20|30|40],[1|1|1|1|1],[-2.841916|-10.002515|-19.144476|-25.436640|-27.783918]
03:22:09.606,[0|10|20|30|40],[1|1|1|1|1],[-3.834832|-12.637821|-20.117151|-29.729128|-42.188168]
03:22:09.723,[0|10|20|30|40],[1|1|1|1|1],[-5.078232|-15.696642|-19.338249|-30.787659|-58.290337]
03:22:09.803,[0|10|20|30|40],[1|1|1|1|1],[-5.111331|-17.523777|-18.687487|-18.026972|-66.097977]
03:22:09.906,[0|10|20|30|40],[1|1|1|1|1],[-6.133520|-19.063824|-20.392155|-22.282314|-60.773895]
03:22:10.006,[0|10|20|30|40],[1|1|1|1|1],[-7.744846|-15.120727|-19.122005|-20.581579|-77.105522]
03:22:10.102,[0|10|20|30|40],[1|1|1|1|1],[-7.862102|-16.372181|-15.878034|-21.686602|-90.889832]
03:22:10.182,[0|10|20|30|40],[1|1|1|1|1],[-6.688045|-14.331877|-18.341970|-26.754761|-105.138969]
03:22:10.285,[0|10|20|30|40],[1|1|1|1|1],[-6.625379|-14.787960|-17.635990|-27.808666|-75.123787]
03:22:10.383,[0|10|20|30|40],[1|1|1|1|1],[-5.742362|-14.082265|-15.778864|-26.976204|-64.786819]
03:22:10.523,[0|10|20|30|40],[1|1|1|1|1],[-4.056279|-11.230904|-12.872135|-23.870993|-78.989792]
03:22:10.605,[0|10|20|30|40],[1|1|1|1|1],[-4.211327|-10.373202|-14.602065|-24.829054|-24.914551]
03:22:10.704,[0|10|20|30|40],[1|1|1|1|1],[-2.955590|-9.841842|-16.812050|-31.881094|-40.561150]
03:22:10.804,[0|10|20|30|40],[1|1|1|1|1],[-3.143641|-6.557357|-14.628839|-22.989655|-47.488930]
03:22:10.908,[0|10|20|30|40],[1|1|1|1|1],[-2.729081|-6.806535|-13.783050|-28.548336|-65.138245]
03:22:11.007,[0|10|20|30|40],[1|1|1|1|1],[-2.748419|-8.668259|-15.385210|-36.272049|-81.174614]
03:22:11.105,[0|10|20|30|40],[1|1|1|1|1],[-2.329499|-7.976785|-14.072741|-29.866743|-63.789272]
03:22:11.184,[0|10|20|30|40],[1|1|1|1|1],[-2.850353|-9.582651|-19.459618|-30.057955|-69.049500]
03:22:11.284,[0|10|20|30|40],[1|1|1|1|1],[-3.416265|-11.180269|-20.747984|-33.498619|-67.193794]
03:22:11.385,[0|10|20|30|40],[1|1|1|1|1],[-3.980539|-10.282290|-24.295593|-31.534338|-70.508148]
03:22:11.504,[0|10|20|30|40],[1|1|1|1|1],[-3.964451|-11.052099|-20.701790|-30.723476|-63.310478]
03:22:11.604,[0|10|20|30|40],[1|1|1|1|1],[-3.888055|-10.451311|-20.885826|-24.025011|-58.122826]
03:22:11.688,[0|10|20|30|40],[1|1|1|1|1],[-3.268370|-13.536567|-24.513662|-35.961628|-61.780312]
03:22:11.787,[0|10|20|30|40],[1|1|1|1|1],[-3.738751|-13.462511|-17.803967|-28.584528|-52.997875]
03:22:11.908,[0|10|20|30|40],[1|1|1|1|1],[-3.041334|-12.384054|-21.058762|-28.193283|-76.221558]
03:22:12.003,[0|10|20|30|40],[1|1|1|1|1],[-3.559326|-13.949553|-22.652328|-28.702688|-91.625641]
03:22:12.084,[0|10|20|30|40],[1|1|1|1|1],[-2.435335|12.516266|26.545370|36.446476|111.973335]
03:22:12.203,[0|10|20|30|40],[1|1|1|1|1],[-3.427947|13.610202|23.616482|40.768669|121.538635]
03:22:12.286,[0|10|20|30|40],[1|1|1|1|1],[-2.637868|10.232314|22.596418|34.326935|78.716751]
03:22:12.402,[0|10|20|30|40],[1|1|1|1|1],[3.417338|12.231218|25.894737|37.779472|81.083061]
03:22:12.486,[0|10|20|30|40],[1|1|1|1|1],[3.628733|12.614841|27.420734|41.326141|66.209885]
03:22:12.585,[0|10|20|30|40],[1|1|1|1|1],[2.227291|12.429804|24.494625|37.827919|62.742569]
03:22:12.685,[0|10|20|30|40],[1|1|1|1|1],[2.508459|13.232529|28.184282|39.168785|71.527435]
03:22:12.808,[0|10|20|30|40],[1|1|1|1|1],[2.972991|14.054192|29.149426|39.346790|86.281494]
03:22:12.902,[0|10|20|30|40],[1|1|1|1|1],[-3.568318|15.609434|29.470181|40.510750|-72.237869]
03:22:12.987,[0|10|20|30|40],[1|1|1|1|1],[-5.135331|-16.152636|-32.349098|-41.703842|-67.293694]
03:22:13.084,[0|10|20|30|40],[1|1|1|1|1],[-6.229939|-17.627235|-33.186195|-39.007141|-54.916908]
03:22:13.187,[0|10|20|30|40],[1|1|1|1|1],[-4.928949|-22.041246|-35.419346|-35.329773|-62.091782]
03:22:13.308,[0|10|20|30|40],[1|1|1|1|1],[-5.269568|-19.870237|-28.702318|-35.764599|-56.897781]
03:22:13.383,[0|10|20|30|40],[1|1|1|1|1],[-3.953405|-21.346437|-30.734884|-29.303169|-63.581085]
03:22:13.485,[0|10|20|30|40],[1|1|1|1|1],[-2.417461|-19.447428|-24.231779|-18.072462|-44.841957]
03:22:13.584,[0|10|20|30|40],[1|1|1|1|1],[-3.843484|-19.257420|-23.991632|-17.226553|-51.926849]
03:22:13.685,[0|10|20|30|40],[1|1|1|1|1],[-4.038391|-15.999710|-16.403139|-14.302158|-63.453819]
03:22:13.803,[0|10|20|30|40],[1|1|1|1|1],[-5.447382|-15.787977|-15.824175|-10.479379|-42.606068]
03:22:13.881,[0|10|20|30|40],[1|1|1|1|1],[-4.135545|-10.820180|-10.843742|-8.785343|-50.710106]
03:22:14.005,[0|10|20|30|40],[1|1|1|1|1],[-5.145488|-12.312335|-9.884763|-11.279178|-63.265610]
03:22:14.084,[0|10|20|30|40],[1|1|1|1|1],[3.449538|-7.471800|5.317664|-10.125899|-54.745579]
03:22:14.183,[0|10|20|30|40],[1|1|1|1|1],[3.554770|-7.720775|5.614293|-12.683511|-47.692535]
03:22:14.284,[0|10|20|30|40],[1|1|1|1|1],[3.158863|-2.577770|5.915213|-10.812759|-51.887177]
03:22:14.384,[0|10|20|30|40],[1|1|1|1|1],[2.902913|-3.917795|6.002903|-8.659887|-36.542988]
03:22:14.506,[0|10|20|30|40],[1|1|1|1|1],[-2.913278|-4.567719|5.122709|-7.448316|-30.059624]
03:22:14.602,[0|10|20|30|40],[1|1|1|1|1],[-3.259283|-4.829618|-4.191935|-9.775043|-22.551107]
03:22:14.706,[0|10|20|30|40],[1|1|1|1|1],[-3.546271|-5.497756|-5.714476|-13.711023|-25.587845]
03:22:14.783,[0|10|20|30|40],[1|1|1|1|1],[-3.058639|-6.043321|-6.734681|-16.305637|-32.903481]
03:22:14.886,[0|10|20|30|40],[1|1|1|1|1],[-2.413101|-5.951914|-7.336843|-16.118765|-27.376461]
03:22:15.006,[0|10|20|30|40],[1|1|1|1|1],[-2.974829|-6.785956|-7.129443|-16.489840|-26.043892]
03:22:15.109,[0|10|20|30|40],[1|1|1|1|1],[-3.372757|-7.567605|-8.183706|-19.955873|-24.647474]
03:22:15.188,[0|10|20|30|40],[1|1|1|1|1],[-3.807963|-8.999374|-9.892321|-17.885780|-26.242352]
03:22:15.287,[0|10|20|30|40],[1|1|1|1|1],[-2.749987|-6.118947|-8.648419|-16.272640|-20.133041]
03:22:15.405,[0|10|20|30|40],[1|1|1|1|1],[-3.420872|-6.429896|-10.482561|-18.785572|-22.120380]
03:22:15.483,[0|10|20|30|40],[1|1|1|1|1],[-3.462868|-5.276811|-7.939470|-14.152384|-15.840840]
03:22:15.605,[0|10|20|30|40],[1|1|1|1|1],[-2.024719|-4.001163|-7.327032|-15.781474|-16.846418]
03:22:15.683,[0|10|20|30|40],[1|1|1|1|1],[-1.452282|-3.356910|-5.906618|-12.222028|-15.538025]
03:22:15.784,[0|10|20|30|40],[1|1|1|1|1],[-1.606870|-3.397761|-6.463164|-10.268641|-12.194419]
03:22:15.883,[0|10|20|30|40],[1|1|1|1|1],[-1.723438|-7.240364|-6.593794|-10.898209|-8.652449]
03:22:15.983,[0|10|20|30|40],[1|1|1|1|1],[-1.760835|-6.700404|-7.339674|-11.365700|-8.120012]
03:22:16.084,[0|10|20|30|40],[1|1|1|1|1],[-1.880440|-9.376706|-7.481837|-9.355736|-8.557606]
03:22:16.184,[0|10|20|30|40],[1|1|1|1|1],[-2.666408|-9.594652|-9.654695|-9.474826|-7.762957]
03:22:16.301,[0|10|20|30|40],[1|1|1|1|1],[-3.340373|-7.956523|-7.139081|-7.590508|-7.176876]
03:22:16.386,[0|10|20|30|40],[1|1|1|1|1],[-4.174713|9.035381|-6.908542|-7.557464|-6.599760]
03:22:16.506,[0|10|20|30|40],[1|1|1|1|1],[5.337093|7.420048|-5.310619|8.045101|7.432127]
03:22:16.583,[0|10|20|30|40],[1|1|1|1|1],[5.719306|7.725820|-4.463011|8.463669|6.916738]
03:22:16.684,[0|10|20|30|40],[1|1|1|1|1],[6.336163|6.534094|-3.926957|7.548356|8.116007]
03:22:16.786,[0|10|20|30|40],[1|1|1|1|1],[4.101316|7.422996|-3.588402|8.177555|7.404327]
03:22:16.904,[0|10|20|30|40],[1|1|1|1|1],[4.649557|5.398708|4.984832|6.520092|4.625964]
03:22:16.986,[0|10|20|30|40],[1|1|1|1|1],[2.325018|5.661568|6.034642|6.172097|-3.310633]
03:22:17.088,[0|10|20|30|40],[1|1|1|1|1],[2.716288|-6.384718|-5.871379|-6.373739|-4.766226]
03:22:17.202,[0|10|20|30|40],[1|1|1|1|1],[-2.867768|-6.599498|-6.181490|-6.189883|-5.080152]
03:22:17.306,[0|10|20|30|40],[1|1|1|1|1],[-3.817434|-6.434026|-6.746655|-6.747460|-6.119990]
03:22:17.408,[0|10|20|30|40],[1|1|1|1|1],[-4.653866|-5.961308|-3.687340|-5.631626|-6.160188]
03:22:17.485,[0|10|20|30|40],[1|1|1|1|1],[-3.504418|-6.914628|-3.668195|-5.712473|-6.774187]
03:22:17.582,[0|10|20|30|40],[1|1|1|1|1],[-4.149188|-6.537333|-3.101903|-3.607154|-3.738165]
03:22:17.688,[0|10|20|30|40],[1|1|1|1|1],[-3.667759|-6.922054|-3.666836|-4.327524|-3.809643]
03:22:17.787,[0|10|20|30|40],[1|1|1|1|1],[-2.399206|-4.681283|-3.081536|-4.109776|-3.656077]
03:22:17.902,[0|10|20|30|40],[1|1|1|1|1],[-2.834146|-3.760943|-3.011698|-3.462899|-3.470635]
03:22:17.984,[0|10|20|30|40],[1|1|1|1|1],[-2.413254|-3.273880|2.488905|3.149438|-3.404582]
03:22:18.084,[0|10|20|30|40],[1|1|1|1|1],[-3.518905|-3.855559|2.533543|-3.252053|-3.192413]
03:22:18.203,[0|10|20|30|40],[1|1|1|1|1],[-4.420541|-3.569096|3.106469|-3.492463|-3.422093]
03:22:18.308,[0|10|20|30|40],[1|1|1|1|1],[-4.891060|-3.307131|3.358895|-3.625548|-3.659046]
03:22:18.385,[0|10|20|30|40],[1|1|1|1|1],[-2.966827|-2.630150|3.403211|3.102553|3.423905]
03:22:18.485,[0|10|20|30|40],[1|1|1|1|1],[-3.107835|-3.429684|3.280503|3.045845|1.986790]
03:22:18.588,[0|10|20|30|40],[1|1|1|1|1],[-1.670423|-3.452820|3.001726|-3.021288|2.299380]
03:22:18.703,[0|10|20|30|40],[1|1|1|1|1],[-1.470986|-3.297296|3.158516|-3.222620|-2.286375]
03:22:18.782,[0|10|20|30|40],[1|1|1|1|1],[-1.770619|-3.014822|-2.678317|-3.377432|-2.500057]
03:22:18.881,[0|10|20|30|40],[1|1|1|1|1],[-1.409286|-2.882382|-2.831721|-3.459507|-1.418853]
03:22:18.984,[0|10|20|30|40],[1|1|1|1|1],[-1.074086|-1.147407|-2.132118|-2.708018|1.697791]
03:22:19.106,[0|10|20|30|40],[1|1|1|1|1],[-1.174645|-1.112889|-2.123022|-2.502960|2.626598]
03:22:19.216,[0|10|20|30|40],[1|1|1|1|1],[-1.164785|-1.047197|2.329853|-2.240461|4.110384]
03:22:19.299,[0|10|20|30|40],[1|1|1|1|1],[-1.020014|-1.522537|2.363506|-1.956969|4.660731]
03:22:19.393,[0|10|20|30|40],[1|1|1|1|1],[-1.265027|-1.771751|2.665770|-1.702350|4.218602]
03:22:19.492,[0|10|20|30|40],[1|1|1|1|1],[-1.374012|1.636320|2.806950|1.659060|4.667199]
03:22:19.616,[0|10|20|30|40],[1|1|1|1|1],[-1.348501|-1.458049|2.735385|1.985767|4.989922]
03:22:19.698,[0|10|20|30|40],[1|1|1|1|1],[-1.312758|-1.277074|2.361777|2.312666|3.320754]
03:22:19.799,[0|10|20|30|40],[1|1|1|1|1],[-1.205505|1.331206|2.344811|2.447128|4.268220]
03:22:19.893,[0|10|20|30|40],[1|1|1|1|1],[-1.164278|1.614016|2.800506|-1.914868|4.303810]
03:22:20.014,[0|10|20|30|40],[1|1|1|1|1],[-0.638679|1.967132|3.265768|3.020444|5.852222]
03:22:20.112,[0|10|20|30|40],[1|1|1|1|1],[-0.810841|2.542232|3.223385|2.999970|4.279068]
03:22:20.178,[0|10|20|30|40],[1|1|1|1|1],[0.695536|2.822618|4.138426|3.042933|5.105913]
03:22:20.293,[0|10|20|30|40],[1|1|1|1|1],[0.926086|3.788867|4.203339|2.720693|4.101119]
03:22:20.375,[0|10|20|30|40],[1|1|1|1|1],[1.152569|5.203702|5.095662|2.872925|4.219724]
03:22:20.491,[0|10|20|30|40],[1|1|1|1|1],[1.627337|7.037767|7.504463|3.601998|5.146024]
03:22:20.577,[0|10|20|30|40],[1|1|1|1|1],[1.485170|6.852183|8.097034|5.606977|5.750468]
03:22:20.672,[0|10|20|30|40],[1|1|1|1|1],[-2.159487|7.298848|7.805248|5.124458|5.983474]
03:22:20.778,[0|10|20|30|40],[1|1|1|1|1],[-2.196223|-8.323087|-9.027111|-6.229223|-4.627192]
03:22:20.896,[0|10|20|30|40],[1|1|1|1|1],[-2.909535|-9.951076|-8.899333|-5.341326|-5.083776]
03:22:20.992,[0|10|20|30|40],[1|1|1|1|1],[-3.636061|-11.116090|-8.718738|-4.782742|-5.439763]
03:22:21.076,[0|10|20|30|40],[1|1|1|1|1],[-4.243518|-10.660059|-7.760514|-2.569258|-4.772474]
03:22:21.194,[0|10|20|30|40],[1|1|1|1|1],[-5.416277|-10.325530|-7.835060|-2.483647|-4.174410]
03:22:21.295,[0|10|20|30|40],[1|1|1|1|1],[-4.711868|-10.753201|-9.669254|-3.407079|-4.443151]
03:22:21.394,[0|10|20|30|40],[1|1|1|1|1],[-4.077220|-7.713815|-9.022763|-3.906698|-4.919734]
03:22:21.512,[0|10|20|30|40],[1|1|1|1|1],[4.472395|8.003061|6.653052|5.263180|-5.462461]
03:22:21.592,[0|10|20|30|40],[1|1|1|1|1],[4.938357|11.005574|7.898862|7.287374|5.715386]
03:22:21.692,[0|10|20|30|40],[1|1|1|1|1],[3.591038|8.995201|6.815472|7.502312|5.248081]
03:22:21.798,[0|10|20|30|40],[1|1|1|1|1],[2.791629|9.365255|7.514705|10.343170|5.584205]
03:22:21.892,[0|10|20|30|40],[1|1|1|1|1],[3.535490|11.947724|10.585112|11.028878|6.166564]
03:22:21.999,[0|10|20|30|40],[1|1|1|1|1],[3.948398|10.582365|10.559755|10.899329|6.659499]
03:22:22.092,[0|10|20|30|40],[1|1|1|1|1],[4.374022|11.348354|11.515145|10.936239|9.202649]
03:22:22.194,[0|10|20|30|40],[1|1|1|1|1],[5.775665|11.576269|12.649548|10.056104|9.605969]
03:22:22.292,[0|10|20|30|40],[1|1|1|1|1],[7.031402|11.732205|11.692301|10.191337|10.773355]
03:22:22.394,[0|10|20|30|40],[1|1|1|1|1],[6.420442|10.572758|10.685052|9.893064|11.083184]
03:22:22.493,[0|10|20|30|40],[1|1|1|1|1],[4.999158|13.471360|13.693995|11.439384|11.505204]
03:22:22.594,[0|10|20|30|40],[1|1|1|1|1],[6.380956|13.868718|14.989074|13.611401|9.450438]
03:22:22.674,[0|10|20|30|40],[1|1|1|1|1],[6.954242|12.305153|15.154922|11.701627|9.519742]
03:22:22.796,[0|10|20|30|40],[1|1|1|1|1],[6.111761|11.033866|14.881044|12.598869|8.761571]
03:22:22.894,[0|10|20|30|40],[1|1|1|1|1],[7.236855|11.532137|14.387402|13.189739|9.341605]
03:22:22.993,[0|10|20|30|40],[1|1|1|1|1],[5.950542|13.220570|15.821463|10.974110|10.162643]
03:22:23.098,[0|10|20|30|40],[1|1|1|1|1],[6.180354|12.289454|16.242630|10.666284|10.882753]
03:22:23.194,[0|10|20|30|40],[1|1|1|1|1],[6.959965|13.177177|15.882691|8.662785|8.025154]
03:22:23.295,[0|10|20|30|40],[1|1|1|1|1],[8.047977|15.984646|17.374598|9.189877|8.635858]
03:22:23.373,[0|10|20|30|40],[1|1|1|1|1],[4.056927|16.930672|14.098406|8.181742|8.088742]
03:22:23.495,[0|10|20|30|40],[1|1|1|1|1],[4.916911|17.846930|15.510817|9.530233|6.507695]
03:22:23.593,[0|10|20|30|40],[1|1|1|1|1],[5.468400|19.764030|16.889736|9.042224|4.992748]
03:22:23.692,[0|10|20|30|40],[1|1|1|1|1],[6.528450|20.834879|14.231256|9.052485|4.693291]
03:22:23.774,[0|10|20|30|40],[1|1|1|1|1],[7.867385|20.108406|13.442392|9.690518|5.389637]
03:22:23.894,[0|10|20|30|40],[1|1|1|1|1],[7.968712|19.030880|14.641179|9.473515|5.925632]
03:22:23.992,[0|10|20|30|40],[1|1|1|1|1],[9.307493|20.531893|15.040752|10.066396|4.606630]
03:22:24.102,[0|10|20|30|40],[1|1|1|1|1],[11.362129|21.933935|14.399306|9.586828|4.067287]
03:22:24.203,[0|10|20|30|40],[1|1|1|1|1],[9.831656|19.745617|13.765885|8.545974|3.808540]
03:22:24.283,[0|10|20|30|40],[1|1|1|1|1],[9.694123|20.117809|14.710781|10.271299|3.243338]
03:22:24.385,[0|10|20|30|40],[1|1|1|1|1],[9.308377|18.745356|14.423823|8.694599|3.168648]
03:22:24.522,[0|10|20|30|40],[1|1|1|1|1],[9.164566|17.440414|12.774500|8.564689|2.536169]
03:22:24.608,[0|10|20|30|40],[1|1|1|1|1],[10.207036|16.279898|14.202934|7.868263|2.425649]
03:22:24.691,[0|10|20|30|40],[1|1|1|1|1],[9.727454|15.557055|13.191255|7.483757|2.437892]
03:22:24.784,[0|10|20|30|40],[1|1|1|1|1],[10.745695|12.626388|10.667064|5.624157|2.410415]
03:22:24.887,[0|10|20|30|40],[1|1|1|1|1],[8.054720|12.304315|10.294863|4.977159|2.593683]
03:22:24.987,[0|10|20|30|40],[1|1|1|1|1],[-6.996162|-13.640650|-9.522471|-4.267344|-3.683393]
03:22:25.103,[0|10|20|30|40],[1|1|1|1|1],[-7.327071|-13.362336|-12.022292|-3.945784|-4.329117]
03:22:25.185,[0|10|20|30|40],[1|1|1|1|1],[-7.754570|-11.929787|-12.178605|-4.780358|-4.398884]
03:22:25.301,[0|10|20|30|40],[1|1|1|1|1],[-6.205688|-12.986758|-10.484097|-6.422660|-5.428036]
03:22:25.387,[0|10|20|30|40],[1|1|1|1|1],[-6.467572|-13.471009|-10.912178|-6.539351|-5.297028]
03:22:25.525,[0|10|20|30|40],[1|1|1|1|1],[-7.492070|-13.521269|-12.366568|-7.022694|-5.008115]
03:22:25.582,[0|10|20|30|40],[1|1|1|1|1],[-7.953831|-12.013085|-12.412266|-6.044929|-5.393589]
03:22:25.683,[0|10|20|30|40],[1|1|1|1|1],[-8.465802|-11.331326|-11.457149|-5.517059|-5.767165]
03:22:25.782,[0|10|20|30|40],[1|1|1|1|1],[-7.120968|-11.940282|-11.980565|-6.948320|-5.059235]
03:22:25.902,[0|10|20|30|40],[1|1|1|1|1],[6.864998|12.433458|12.824108|5.964219|5.644032]
03:22:25.988,[0|10|20|30|40],[1|1|1|1|1],[4.114028|9.772447|11.701988|5.910411|6.085989]
03:22:26.083,[0|10|20|30|40],[1|1|1|1|1],[3.804679|9.283562|11.972528|7.046502|7.137676]
03:22:26.183,[0|10|20|30|40],[1|1|1|1|1],[4.147786|11.514080|12.016614|8.212818|6.640050]
03:22:26.284,[0|10|20|30|40],[1|1|1|1|1],[4.601819|12.483156|14.219565|8.861545|7.258607]
03:22:26.381,[0|10|20|30|40],[1|1|1|1|1],[4.066767|12.782041|12.977381|7.619840|6.641395]
03:22:26.504,[0|10|20|30|40],[1|1|1|1|1],[5.255230|13.439645|11.668575|6.149709|9.333340]
03:22:26.586,[0|10|20|30|40],[1|1|1|1|1],[6.038285|16.473289|13.501030|6.886936|11.598158]
03:22:26.702,[0|10|20|30|40],[1|1|1|1|1],[5.771628|14.965192|10.722258|7.316389|13.762295]
03:22:26.785,[0|10|20|30|40],[1|1|1|1|1],[7.046075|13.192638|9.299927|4.963733|9.634627]
03:22:26.885,[0|10|20|30|40],[1|1|1|1|1],[8.655530|13.324245|8.344144|5.846707|8.840484]
03:22:27.002,[0|10|20|30|40],[1|1|1|1|1],[8.688802|12.690030|6.428099|7.793132|8.954271]
03:22:27.084,[0|10|20|30|40],[1|1|1|1|1],[7.631743|11.203851|6.580254|10.081808|11.500147]
03:22:27.186,[0|10|20|30|40],[1|1|1|1|1],[6.638624|10.387964|6.874583|11.826968|9.493891]
03:22:27.286,[0|10|20|30|40],[1|1|1|1|1],[6.044495|11.413750|9.783936|11.644273|9.094071]
03:22:27.383,[0|10|20|30|40],[1|1|1|1|1],[5.893383|11.187338|12.546950|8.937860|7.201940]
03:22:27.481,[0|10|20|30|40],[1|1|1|1|1],[4.364197|10.000186|12.407183|10.006699|6.648034]
03:22:27.586,[0|10|20|30|40],[1|1|1|1|1],[5.391218|12.686718|13.880208|9.352093|6.128913]
03:22:27.706,[0|10|20|30|40],[1|1|1|1|1],[7.575144|14.438365|14.141451|10.744726|4.836023]
03:22:27.785,[0|10|20|30|40],[1|1|1|1|1],[8.127718|14.962266|13.593118|9.174063|2.861375]
03:22:27.904,[0|10|20|30|40],[1|1|1|1|1],[9.389624|16.541809|13.199520|8.812725|2.571106]
03:22:27.984,[0|10|20|30|40],[1|1|1|1|1],[7.756638|16.545425|14.055193|6.433537|2.486199]
03:22:28.085,[0|10|20|30|40],[1|1|1|1|1],[9.398098|14.698374|14.976832|6.264287|-2.433485]
03:22:28.184,[0|10|20|30|40],[1|1|1|1|1],[9.012294|13.853833|13.553712|5.462882|-2.940941]
03:22:28.288,[0|10|20|30|40],[1|1|1|1|1],[7.052197|14.883290|15.165222|6.404442|-3.344452]
03:22:28.384,[0|10|20|30|40],[1|1|1|1|1],[7.128820|14.794426|11.407039|4.249823|-3.740335]
03:22:28.485,[0|10|20|30|40],[1|1|1|1|1],[4.995915|14.935298|10.861712|3.946239|-4.237485]
03:22:28.602,[0|10|20|30|40],[1|1|1|1|1],[5.695109|15.221630|9.465988|3.192014|-4.638481]
03:22:28.686,[0|10|20|30|40],[1|1|1|1|1],[5.845575|15.180601|7.992008|3.069943|-5.328619]
03:22:28.786,[0|10|20|30|40],[1|1|1|1|1],[4.911356|14.379874|6.604081|3.060389|-3.013062]
03:22:28.888,[0|10|20|30|40],[1|1|1|1|1],[3.294540|12.459375|7.776794|3.168386|-2.448094]
03:22:28.987,[0|10|20|30|40],[1|1|1|1|1],[4.492826|13.679496|8.362584|3.109330|-2.556276]
03:22:29.088,[0|10|20|30|40],[1|1|1|1|1],[6.096809|14.815907|8.047760|2.964878|-2.785087]
03:22:29.185,[0|10|20|30|40],[1|1|1|1|1],[5.338391|13.275787|6.183971|2.468348|-4.692149]
03:22:29.281,[0|10|20|30|40],[1|1|1|1|1],[6.723720|-15.474380|-7.558620|1.722896|4.033446]
03:22:29.384,[0|10|20|30|40],[1|1|1|1|1],[-6.014534|-14.823033|-7.353616|-2.021152|5.510795]
03:22:29.507,[0|10|20|30|40],[1|1|1|1|1],[-7.036632|-14.786814|-8.639026|2.825797|6.738329]
03:22:29.581,[0|10|20|30|40],[1|1|1|1|1],[-8.424175|-14.533225|-8.006576|3.377366|8.027983]
03:22:29.703,[0|10|20|30|40],[1|1|1|1|1],[-9.399358|-14.639216|-6.505823|3.666931|7.561672]
03:22:29.807,[0|10|20|30|40],[1|1|1|1|1],[-8.766745|-12.560144|-6.774869|2.542824|6.584740]
03:22:29.903,[0|10|20|30|40],[1|1|1|1|1],[-7.369858|-12.326947|5.515787|2.893943|6.975937]
