timestamp,distances,validty,bias
03:35:51.545,[0|10|20|30|40],[1|1|1|1|1],[-8.168474|-15.890056|-21.780087|-42.098141|-71.962212]
03:35:51.646,[0|10|20|30|40],[1|1|1|1|1],[-5.758757|-14.528429|-23.090136|-44.312477|-79.538155]
03:35:51.725,[0|10|20|30|40],[1|1|1|1|1],[-6.011441|-15.767935|-22.086536|-40.784336|-81.861115]
03:35:51.840,[0|10|20|30|40],[1|1|1|1|1],[-5.820084|-13.938973|-20.602179|-44.553543|-104.761650]
03:35:51.940,[0|10|20|30|40],[1|1|1|1|1],[-3.863570|-13.882080|-22.977757|-52.398300|-122.152901]
03:35:52.043,[0|10|20|30|40],[1|1|1|1|1],[-4.334134|-15.765828|-27.917374|-60.855030|-137.137939]
03:35:52.124,[0|10|20|30|40],[1|1|1|1|1],[-4.213011|-13.900725|-26.621246|-60.658550|-128.923279]
03:35:52.244,[0|10|20|30|40],[1|1|1|1|1],[-4.776934|-15.695299|-27.624523|-56.683231|-117.943573]
03:35:52.341,[0|10|20|30|40],[1|1|1|1|1],[-5.760842|-13.923129|-24.740196|-58.387993|-92.526718]
03:35:52.440,[0|10|20|30|40],[1|1|1|1|1],[4.641104|15.910607|30.224049|64.735077|112.740089]
03:35:52.541,[0|10|20|30|40],[1|1|1|1|1],[4.679376|12.178109|27.861822|62.331963|130.584717]
03:35:52.640,[0|10|20|30|40],[1|1|1|1|1],[3.930479|16.498911|29.428600|70.404076|164.503662]
03:35:52.740,[0|10|20|30|40],[1|1|1|1|1],[5.566740|17.546419|30.678070|76.247284|167.476364]
03:35:52.844,[0|10|20|30|40],[1|1|1|1|1],[3.508621|16.999956|34.690773|76.939560|175.742584]
03:35:52.920,[0|10|20|30|40],[1|1|1|1|1],[4.396683|17.956799|32.107498|73.494530|186.099197]
03:35:53.025,[0|10|20|30|40],[1|1|1|1|1],[5.765075|18.451017|34.769463|74.700020|164.205170]
03:35:53.141,[0|10|20|30|40],[1|1|1|1|1],[7.170618|20.357983|42.128838|89.656952|164.081055]
03:35:53.223,[0|10|20|30|40],[1|1|1|1|1],[8.733500|18.130743|38.388084|81.489563|-155.407089]
03:35:53.334,[0|10|20|30|40],[1|1|1|1|1],[-8.582067|-15.984347|-41.051090|-81.004623|-162.266449]
03:35:53.411,[0|10|20|30|40],[1|1|1|1|1],[-7.087886|-16.411833|-39.813877|-91.938469|-124.728157]
03:35:53.541,[0|10|20|30|40],[1|1|1|1|1],[-6.674027|-18.889608|-45.775105|-90.476608|-126.209023]
03:35:53.642,[0|10|20|30|40],[1|1|1|1|1],[-7.179910|-20.467237|-38.910629|-88.300491|-59.426117]
03:35:53.742,[0|10|20|30|40],[1|1|1|1|1],[-5.982429|-22.349920|-44.805302|-90.610794|-81.965065]
03:35:53.822,[0|10|20|30|40],[1|1|1|1|1],[-4.056806|-25.388872|-50.583160|-105.221130|-119.651413]
03:35:53.941,[0|10|20|30|40],[1|1|1|1|1],[-4.952443|-22.248426|-49.153984|-105.488113|-125.455475]
03:35:54.026,[0|10|20|30|40],[1|1|1|1|1],[-5.830461|-19.126247|-38.927006|-92.153976|-91.073898]
03:35:54.122,[0|10|20|30|40],[1|1|1|1|1],[-6.527501|-25.651302|-144.833878|-187.016922|-73.302170]
03:35:54.240,[0|10|20|30|40],[1|1|1|1|0],[-6.682545|-26.423382|-173.259674|-196.481705|0.000000]
03:35:54.535,[0|10|20|30|40],[1|1|1|1|0],[-6.576509|-78.256622|-163.359146|-136.148026|0.000000]
03:35:54.633,[0|10|20|30|40],[1|1|1|1|1],[-7.130253|-91.074547|-157.755463|-111.004112|13.281536]
03:35:54.732,[0|10|20|30|40],[1|1|1|1|1],[-10.000128|-102.938606|-147.897156|-93.715813|-19.007111]
03:35:54.834,[0|10|20|30|40],[1|1|1|1|0],[-10.125709|-109.727242|-134.528351|-92.930412|0.000000]
03:35:54.935,[0|10|20|30|40],[1|1|1|1|0],[-11.074411|-118.393921|-129.110901|-106.742569|0.000000]
03:35:55.032,[0|10|20|30|40],[1|1|1|1|0],[-10.186184|89.579926|80.460724|-29.464149|0.000000]
03:35:55.135,[0|10|20|30|40],[1|1|1|1|0],[-12.045503|95.485046|-135.423157|-102.845047|0.000000]
03:35:55.232,[0|10|20|30|40],[1|1|1|1|0],[-7.251823|-47.198997|-139.179489|-95.732117|0.000000]
03:35:55.332,[0|10|20|30|40],[1|1|1|1|0],[-9.711159|-54.380669|-140.939713|-88.340904|0.000000]
03:35:55.421,[0|10|20|30|40],[1|1|1|1|1],[-11.148238|-62.311035|-141.548096|-82.959030|-0.339222]
03:35:55.525,[0|10|20|30|40],[1|1|1|1|1],[-13.715637|-76.080742|-137.984116|-76.260086|-2.038002]
03:35:55.623,[0|10|20|30|40],[1|1|1|1|1],[-9.083212|-83.518356|-131.452209|-53.917358|-15.926075]
03:35:55.741,[0|10|20|30|40],[1|1|1|1|1],[-13.132972|-94.675896|-117.089508|-26.975775|-65.129089]
03:35:55.845,[0|10|20|30|40],[1|1|1|1|1],[-12.121654|-87.432320|-96.340195|-35.231064|-86.875153]
03:35:55.941,[0|10|20|30|40],[1|1|1|1|1],[-10.696930|71.429146|80.779305|-34.407330|-119.569923]
03:35:56.045,[0|10|20|30|40],[1|1|1|1|1],[-12.539491|79.775215|74.579834|-43.808556|-40.929985]
03:35:56.143,[0|10|20|30|40],[1|1|1|1|1],[-6.741676|-45.642262|-34.014820|-52.091026|-33.440876]
03:35:56.242,[0|10|20|30|40],[1|1|1|1|1],[-9.127751|-41.923813|-36.752903|-60.255669|-35.563564]
03:35:56.339,[0|10|20|30|40],[1|1|1|1|1],[-11.675355|-43.798180|-39.207291|-75.025322|-17.159271]
03:35:56.419,[0|10|20|30|40],[1|1|1|1|1],[-11.253592|-24.800077|-30.060196|-80.094528|-30.300140]
03:35:56.525,[0|10|20|30|40],[1|1|1|1|1],[-11.523112|-24.897415|-36.692894|-90.404083|-67.134186]
03:35:56.642,[0|10|20|30|40],[1|1|1|1|1],[-9.913948|-23.466290|-36.643623|-68.247604|-75.896454]
03:35:56.724,[0|10|20|30|40],[1|1|1|1|1],[8.157661|25.452873|36.656021|65.967468|97.365334]
03:35:56.842,[0|10|20|30|40],[1|1|1|1|1],[5.695891|24.649698|31.294214|54.959774|129.058746]
03:35:56.941,[0|10|20|30|40],[1|1|1|1|1],[2.934453|18.455570|34.866070|62.237785|101.662590]
03:35:57.042,[0|10|20|30|40],[1|1|1|1|1],[3.919996|20.474842|41.147781|78.354355|93.432907]
03:35:57.140,[0|10|20|30|40],[1|1|1|1|1],[3.994693|17.895836|48.510872|92.738152|103.340866]
03:35:57.244,[0|10|20|30|40],[1|1|1|1|1],[4.611230|18.532629|48.908745|95.774696|-124.186996]
03:35:57.321,[0|10|20|30|40],[1|1|1|1|1],[4.601720|24.549864|50.883125|93.448257|-144.568054]
03:35:57.424,[0|10|20|30|40],[1|1|1|1|1],[5.580053|22.212387|44.075905|81.024597|-38.841629]
03:35:57.523,[0|10|20|30|40],[1|1|1|1|1],[4.860726|24.623291|42.253159|96.216438|-57.469559]
03:35:57.620,[0|10|20|30|40],[1|1|1|1|1],[-4.569293|-23.616848|-46.082054|-100.591660|-79.668335]
03:35:57.726,[0|10|20|30|40],[1|1|1|1|1],[-5.560462|-29.255316|-51.000668|-102.610352|-67.340851]
03:35:57.841,[0|10|20|30|40],[1|1|1|1|1],[-7.723613|-26.395088|-48.096859|-100.474640|-1.642609]
03:35:57.921,[0|10|20|30|40],[1|1|1|1|1],[-6.450286|-21.071201|-37.849045|-91.676857|-22.433472]
03:35:58.039,[0|10|20|30|40],[1|1|1|1|1],[-7.941729|-17.795477|-40.876915|-71.559906|-41.513157]
03:35:58.142,[0|10|20|30|40],[1|1|1|1|1],[-8.191182|-15.106138|-37.422882|-79.239082|-45.686626]
03:35:58.242,[0|10|20|30|40],[1|1|1|1|0],[-4.768161|-19.696527|-46.232162|-82.752800|0.000000]
03:35:58.342,[0|10|20|30|40],[1|1|1|1|1],[-4.060374|-19.059584|-45.679031|-68.112900|-23.120689]
03:35:58.444,[0|10|20|30|40],[1|1|1|1|1],[-4.791948|-22.708431|-42.815495|-64.079094|-28.879261]
03:35:58.522,[0|10|20|30|40],[1|1|1|1|1],[-5.529712|-20.208559|-35.402943|-51.456642|-30.256748]
03:35:58.623,[0|10|20|30|40],[1|1|1|1|1],[-5.167005|-23.016813|-34.901691|-50.900795|-16.771507]
03:35:58.741,[0|10|20|30|40],[1|1|1|1|1],[-6.392959|-26.648825|-40.704929|-63.896797|-27.958775]
03:35:58.841,[0|10|20|30|40],[1|1|1|1|1],[-7.767716|-26.307369|-34.921837|-59.742355|-59.455585]
03:35:58.941,[0|10|20|30|40],[1|1|1|1|1],[-8.175553|-28.038424|-34.438301|-51.828812|-80.377434]
03:35:59.043,[0|10|20|30|40],[1|1|1|1|1],[-8.699158|-27.093878|-24.601841|-48.483322|-94.812302]
03:35:59.143,[0|10|20|30|40],[1|1|1|1|1],[-10.100041|-27.459076|-25.082541|-54.082153|-72.613861]
03:35:59.240,[0|10|20|30|40],[1|1|1|1|1],[-11.374002|-26.049400|-26.215267|-37.904694|-88.638641]
03:35:59.343,[0|10|20|30|40],[1|1|1|1|1],[-11.737969|-25.818697|-28.349840|-52.664948|-37.443733]
03:35:59.424,[0|10|20|30|40],[1|1|1|1|1],[-12.443091|-27.160734|-32.061302|-57.583092|-41.116428]
03:35:59.541,[0|10|20|30|40],[1|1|1|1|1],[-14.367170|-30.335295|-27.609753|-52.482033|-57.302139]
03:35:59.620,[0|10|20|30|40],[1|1|1|1|1],[-14.496699|-24.849092|-21.890020|-50.380611|-62.431717]
03:35:59.746,[0|10|20|30|40],[1|1|1|1|1],[-15.663722|-20.016375|-14.619875|-33.443165|-74.566360]
03:35:59.823,[0|10|20|30|40],[1|1|1|1|1],[-7.739234|-14.436213|-11.195993|-24.281883|-58.072567]
03:35:59.924,[0|10|20|30|40],[1|1|1|1|1],[5.234484|-14.693796|-10.430479|-22.114849|-62.603806]
03:36:00.043,[0|10|20|30|40],[1|1|1|1|1],[-6.837176|-16.032696|-11.343050|-22.284008|-46.057365]
03:36:00.141,[0|10|20|30|40],[1|1|1|1|1],[-7.310930|-15.042284|-11.483967|-18.497038|-23.634624]
03:36:00.243,[0|10|20|30|40],[1|1|1|1|1],[-7.392029|-11.465272|-7.112789|9.229994|-26.398134]
03:36:00.341,[0|10|20|30|40],[1|1|1|1|1],[-6.233387|-10.250515|-6.067979|10.062814|-36.692905]
03:36:00.441,[0|10|20|30|40],[1|1|1|1|1],[-2.616440|-10.849714|-7.051587|10.613871|-55.825279]
03:36:00.541,[0|10|20|30|40],[1|1|1|1|1],[-3.215719|-12.213492|-8.005846|-13.457012|-58.218098]
03:36:00.645,[0|10|20|30|40],[1|1|1|1|1],[-2.781653|-10.020351|-9.327829|-18.086647|-60.658360]
03:36:00.726,[0|10|20|30|40],[1|1|1|1|1],[-3.048556|-9.918189|-9.112131|-19.748806|-64.825058]
03:36:00.822,[0|10|20|30|40],[1|1|1|1|1],[-4.053566|-11.437991|-10.243952|-26.990604|-72.737976]
03:36:00.934,[0|10|20|30|40],[1|1|1|1|1],[-4.062372|-10.357803|-13.241732|-35.465313|-87.653969]
03:36:01.031,[0|10|20|30|40],[1|1|1|1|1],[2.940961|10.872423|14.389479|33.028198|64.882133]
03:36:01.134,[0|10|20|30|40],[1|1|1|1|1],[2.931965|13.537825|15.350830|35.190941|63.516380]
03:36:01.231,[0|10|20|30|40],[1|1|1|1|1],[3.327748|14.184697|20.247602|38.528442|58.406258]
03:36:01.332,[0|10|20|30|40],[1|1|1|1|1],[4.175723|11.782906|15.411997|29.024673|47.760345]
03:36:01.436,[0|10|20|30|40],[1|1|1|1|1],[4.427648|10.467470|15.294957|25.974918|41.520454]
03:36:01.534,[0|10|20|30|40],[1|1|1|1|1],[4.095777|10.399490|17.649996|30.438446|45.117283]
03:36:01.632,[0|10|20|30|40],[1|1|1|1|1],[4.928677|11.155905|18.683243|31.867767|52.872181]
03:36:01.732,[0|10|20|30|40],[1|1|1|1|1],[4.042301|8.372111|16.276669|30.691742|48.118019]
03:36:01.834,[0|10|20|30|40],[1|1|1|1|1],[3.896976|6.744510|14.311731|23.667288|40.502884]
03:36:01.931,[0|10|20|30|40],[1|1|1|1|1],[-4.633481|-12.405896|-14.293790|-21.344948|-37.506199]
03:36:02.034,[0|10|20|30|40],[1|1|1|1|1],[-4.260028|-17.640663|-20.182610|-22.073483|-37.841652]
03:36:02.135,[0|10|20|30|40],[1|1|1|1|1],[-5.425764|-16.317156|-20.135260|-24.294567|-37.831211]
03:36:02.232,[0|10|20|30|40],[1|1|1|1|1],[-6.724816|-18.926897|-23.859251|-23.973656|-30.986404]
03:36:02.334,[0|10|20|30|40],[1|1|1|1|1],[-7.619201|-24.454359|-22.468435|-20.247316|-27.834320]
03:36:02.436,[0|10|20|30|40],[1|1|1|1|1],[-9.679242|-23.379114|-18.789600|-18.979145|-26.747013]
03:36:02.535,[0|10|20|30|40],[1|1|1|1|1],[-11.461473|-23.921711|-19.246101|-20.615841|-26.198387]
03:36:02.634,[0|10|20|30|40],[1|1|1|1|1],[-13.659854|-25.448221|-19.130516|-21.188116|-26.705193]
03:36:02.732,[0|10|20|30|40],[1|1|1|1|1],[-16.261179|-22.474751|-14.434743|-13.291955|-17.057632]
03:36:02.850,[0|10|20|30|40],[1|1|1|1|1],[-10.539966|-17.754183|-13.224125|-12.822533|-15.937734]
03:36:02.935,[0|10|20|30|40],[1|1|1|1|1],[-7.606648|-14.669895|-12.391710|-9.429860|-14.425135]
03:36:03.054,[0|10|20|30|40],[1|1|1|1|1],[-7.904700|-10.898483|-7.271338|-6.478763|-11.483884]
03:36:03.133,[0|10|20|30|40],[1|1|1|1|1],[-6.586157|-6.863409|-5.652344|-6.275010|-10.103202]
03:36:03.235,[0|10|20|30|40],[1|1|1|1|1],[-5.493408|-6.091189|-4.464734|-6.753397|-10.172153]
03:36:03.335,[0|10|20|30|40],[1|1|1|1|1],[-5.908978|-7.732675|-3.726745|-5.196691|8.391118]
03:36:03.436,[0|10|20|30|40],[1|1|1|1|1],[-6.612597|-7.631409|-3.208554|-5.803823|8.485961]
03:36:03.532,[0|10|20|30|40],[1|1|1|1|1],[-6.648113|-9.300459|-4.253948|-6.263530|10.230446]
03:36:03.635,[0|10|20|30|40],[1|1|1|1|1],[-7.168649|-8.805185|-2.236605|6.762028|10.775590]
03:36:03.734,[0|10|20|30|40],[1|1|1|1|1],[-5.051126|-7.045570|-2.201802|5.466902|10.225296]
03:36:03.832,[0|10|20|30|40],[1|1|1|1|1],[-3.635161|-6.211397|-2.624071|4.433668|10.589266]
03:36:03.932,[0|10|20|30|40],[1|1|1|1|1],[-4.463117|-5.660948|-2.286857|4.999542|9.874905]
03:36:04.035,[0|10|20|30|40],[1|1|1|1|1],[-4.629761|-4.912525|2.227479|5.569410|9.374487]
03:36:04.135,[0|10|20|30|40],[1|1|1|1|1],[-4.859574|-4.655990|-2.491158|4.027009|7.634223]
03:36:04.234,[0|10|20|30|40],[1|1|1|1|1],[-3.163271|-2.733848|-2.197415|4.419512|8.424246]
03:36:04.335,[0|10|20|30|40],[1|1|1|1|1],[-2.264768|-2.258733|-2.311987|-3.943545|11.651564]
03:36:04.436,[0|10|20|30|40],[1|1|1|1|1],[2.504954|1.288879|-2.473468|-3.980339|12.139636]
03:36:04.532,[0|10|20|30|40],[1|1|1|1|1],[2.403858|-2.090013|-1.605204|4.035812|16.350925]
03:36:04.633,[0|10|20|30|40],[1|1|1|1|1],[2.372766|-2.029353|-1.603714|6.490975|22.254482]
03:36:04.732,[0|10|20|30|40],[1|1|1|1|1],[2.262008|-2.352585|-1.963219|7.911444|21.943771]
03:36:04.834,[0|10|20|30|40],[1|1|1|1|1],[-2.244765|-3.834899|-4.192418|9.083888|18.770269]
03:36:04.936,[0|10|20|30|40],[1|1|1|1|1],[-2.435392|-3.762172|-4.092974|9.720426|19.329597]
03:36:05.030,[0|10|20|30|40],[1|1|1|1|1],[-2.491541|-3.850734|-4.147691|11.176984|18.582106]
03:36:05.131,[0|10|20|30|40],[1|1|1|1|1],[-2.665950|-3.991640|-4.215640|12.602666|18.172953]
03:36:05.233,[0|10|20|30|40],[1|1|1|1|1],[-2.918771|-4.122403|-4.460043|8.654891|10.434765]
03:36:05.351,[0|10|20|30|40],[1|1|1|1|1],[-2.682662|-3.879973|-4.966795|9.454282|-11.413092]
03:36:05.435,[0|10|20|30|40],[1|1|1|1|1],[-2.637772|-3.755732|-5.157717|-6.357936|-9.559786]
03:36:05.532,[0|10|20|30|40],[1|1|1|1|1],[-2.941371|-3.818235|-5.589898|-6.292246|-11.684865]
03:36:05.630,[0|10|20|30|40],[1|1|1|1|1],[-3.210547|-3.601603|-4.337665|-6.912515|-12.912666]
03:36:05.736,[0|10|20|30|40],[1|1|1|1|1],[-3.503914|-3.586492|-4.536786|-9.679820|-15.636015]
03:36:05.833,[0|10|20|30|40],[1|1|1|1|1],[-1.727426|-3.109105|-5.099535|-8.729058|-15.642107]
03:36:05.931,[0|10|20|30|40],[1|1|1|1|1],[-0.931661|-3.374600|-6.839075|-11.043480|-17.814499]
03:36:06.030,[0|10|20|30|40],[1|1|1|1|1],[-1.133764|-3.874350|-7.512672|-12.730494|-15.679818]
03:36:06.134,[0|10|20|30|40],[1|1|1|1|1],[-1.280007|-4.286395|6.290634|-12.875676|-17.565609]
03:36:06.233,[0|10|20|30|40],[1|1|1|1|1],[0.799231|2.946395|8.344315|13.081896|15.682041]
03:36:06.331,[0|10|20|30|40],[1|1|1|1|1],[1.014435|3.545289|8.305636|12.097594|16.632975]
03:36:06.431,[0|10|20|30|40],[1|1|1|1|1],[1.274435|3.709014|7.558785|8.832132|13.345921]
03:36:06.531,[0|10|20|30|40],[1|1|1|1|1],[1.415150|3.196822|7.311104|8.998024|13.239884]
03:36:06.651,[0|10|20|30|40],[1|1|1|1|1],[1.928577|4.344001|5.547111|9.533131|14.131689]
03:36:06.734,[0|10|20|30|40],[1|1|1|1|1],[1.156962|5.284052|9.261892|10.236275|15.248119]
03:36:06.831,[0|10|20|30|40],[1|1|1|1|1],[1.476219|5.096028|7.360873|7.172322|10.961437]
03:36:06.935,[0|10|20|30|40],[1|1|1|1|1],[1.906477|5.620567|6.983592|9.405888|12.478077]
03:36:07.031,[0|10|20|30|40],[1|1|1|1|1],[2.491868|7.647325|8.898112|9.997720|15.792429]
03:36:07.134,[0|10|20|30|40],[1|1|1|1|1],[2.703664|7.037642|8.290940|11.605019|15.806508]
03:36:07.234,[0|10|20|30|40],[1|1|1|1|1],[2.888699|7.114048|8.905766|9.944743|8.799494]
03:36:07.330,[0|10|20|30|40],[1|1|1|1|1],[3.436804|7.594455|8.930596|10.074520|8.577466]
03:36:07.431,[0|10|20|30|40],[1|1|1|1|1],[3.904037|7.958241|8.532733|9.564763|6.760883]
03:36:07.532,[0|10|20|30|40],[1|1|1|1|1],[3.435249|7.300390|6.733126|7.614976|6.355178]
03:36:07.631,[0|10|20|30|40],[1|1|1|1|1],[2.224857|4.958469|6.663161|6.956142|5.313623]
03:36:07.751,[0|10|20|30|40],[1|1|1|1|1],[2.389843|5.389371|6.435025|6.795913|5.278647]
03:36:07.836,[0|10|20|30|40],[1|1|1|1|1],[1.567948|4.328886|4.000366|4.812765|-3.327227]
03:36:07.936,[0|10|20|30|40],[1|1|1|1|1],[1.221018|3.003614|-2.199203|-3.184932|-3.147328]
03:36:08.034,[0|10|20|30|40],[1|1|1|1|1],[1.496830|3.320384|-2.367637|-2.978975|-2.778149]
03:36:08.132,[0|10|20|30|40],[1|1|1|1|1],[2.816873|3.085183|3.346562|-2.803260|-2.426344]
03:36:08.235,[0|10|20|30|40],[1|1|1|1|1],[3.347375|4.195624|5.328086|3.672618|2.458382]
03:36:08.335,[0|10|20|30|40],[1|1|1|1|1],[3.619135|4.627949|5.493861|3.293312|2.616048]
03:36:08.435,[0|10|20|30|40],[1|1|1|1|1],[3.945495|5.508223|5.644125|3.274161|7.254684]
03:36:08.536,[0|10|20|30|40],[1|1|1|1|1],[5.017637|7.556477|4.886901|4.805666|7.222301]
03:36:08.630,[0|10|20|30|40],[1|1|1|1|1],[5.172241|7.122686|5.888409|6.039124|9.267414]
03:36:08.731,[0|10|20|30|40],[1|1|1|1|1],[5.205320|6.679797|5.786932|7.156497|12.493163]
03:36:08.830,[0|10|20|30|40],[1|1|1|1|1],[4.154137|6.455853|5.082726|8.063215|13.045448]
03:36:08.934,[0|10|20|30|40],[1|1|1|1|1],[4.218698|5.882528|5.232411|8.554536|11.814660]
03:36:09.034,[0|10|20|30|40],[1|1|1|1|1],[4.163930|4.529694|5.410033|9.707612|11.781734]
03:36:09.134,[0|10|20|30|40],[1|1|1|1|1],[2.915961|4.299608|4.944572|9.954169|10.892468]
03:36:09.232,[0|10|20|30|40],[1|1|1|1|1],[3.753236|5.758944|5.361483|10.033476|9.134695]
03:36:09.331,[0|10|20|30|40],[1|1|1|1|1],[3.542426|5.701813|4.885164|6.698826|9.758285]
03:36:09.435,[0|10|20|30|40],[1|1|1|1|1],[3.981483|4.632020|4.529640|7.497874|9.861594]
03:36:09.534,[0|10|20|30|40],[1|1|1|1|1],[4.371438|-5.198103|-4.813215|-8.104989|-7.894120]
03:36:09.631,[0|10|20|30|40],[1|1|1|1|1],[-5.216974|-4.884368|-4.447827|-5.231917|-5.886683]
03:36:09.731,[0|10|20|30|40],[1|1|1|1|1],[-5.439377|-3.929847|-4.430089|-5.434561|5.704854]
03:36:09.833,[0|10|20|30|40],[1|1|1|1|1],[-4.072061|-3.396630|-4.747325|-6.315005|-4.542769]
03:36:09.935,[0|10|20|30|40],[1|1|1|1|1],[-3.976640|-3.368884|-4.601216|-5.389892|3.286979]
