timestamp,distances,validty,bias
03:35:50.004,[0|10|20|30|40],[1|1|1|1|0],[2.395445|7.754017|11.445379|18.892288|0.000000]
03:35:50.105,[0|10|20|30|40],[1|1|1|1|0],[2.928476|8.952613|9.120870|23.930502|0.000000]
03:35:50.202,[0|10|20|30|40],[1|1|1|1|1],[3.069435|8.789581|11.165786|29.192114|-6.241560]
03:35:50.302,[0|10|20|30|40],[1|1|1|1|1],[4.178389|9.054762|14.501643|34.853218|-7.910585]
03:35:50.403,[0|10|20|30|40],[1|1|1|1|1],[5.276789|10.221585|16.023350|33.362865|6.287813]
03:35:50.502,[0|10|20|30|40],[1|1|1|1|0],[2.950737|7.646439|19.023657|31.243801|0.000000]
03:35:50.601,[0|10|20|30|40],[1|1|1|1|0],[3.211859|9.352827|23.196293|29.275751|0.000000]
03:35:50.701,[0|10|20|30|40],[1|1|1|1|0],[2.346979|14.136163|29.344273|26.507425|0.000000]
03:35:50.825,[0|10|20|30|40],[1|1|1|1|0],[3.010796|13.375768|27.144873|11.110163|0.000000]
03:35:50.920,[0|10|20|30|40],[1|1|1|1|0],[3.709906|17.251354|24.846722|11.388683|0.000000]
03:35:51.003,[0|10|20|30|40],[1|1|1|1|0],[3.689837|17.370689|25.383400|8.379984|0.000000]
03:35:51.104,[0|10|20|30|40],[1|1|1|1|1],[4.251622|16.443050|23.547745|-6.975842|-3.244019]
03:35:51.241,[0|10|20|30|40],[1|1|1|1|1],[5.228683|17.173019|24.357628|-15.888453|-10.245895]
03:35:51.321,[0|10|20|30|40],[1|1|1|1|1],[6.391364|18.882673|24.101067|-10.595417|-30.833721]
03:35:51.424,[0|10|20|30|40],[1|1|1|1|1],[6.557331|15.803131|21.065998|-15.960407|-38.729477]
03:35:51.506,[0|10|20|30|40],[1|1|1|1|1],[5.491455|13.778532|15.852594|-26.216125|-53.977299]
03:35:51.625,[0|10|20|30|40],[1|1|1|1|1],[2.697415|10.540449|12.176108|-26.424456|-44.173145]
03:35:51.725,[0|10|20|30|40],[1|1|1|1|1],[5.367791|9.093082|8.170342|-22.659111|-29.224968]
03:35:51.808,[0|10|20|30|40],[1|1|1|1|1],[3.402454|8.228660|4.245901|-20.844603|-42.228794]
03:35:51.922,[0|10|20|30|40],[1|1|1|1|1],[4.088763|6.709141|3.721333|-27.681446|-57.950211]
03:35:51.999,[0|10|20|30|40],[1|1|1|1|1],[3.726856|8.584494|5.453181|-29.570913|-66.297623]
03:35:52.103,[0|10|20|30|40],[1|1|1|1|1],[3.358938|4.671657|5.245924|-31.188250|-59.586048]
03:35:52.219,[0|10|20|30|40],[1|1|1|1|1],[3.092844|5.354798|5.167460|-19.843960|-85.927010]
03:35:52.322,[0|10|20|30|40],[1|1|1|1|1],[2.519545|4.551178|5.084896|-24.577713|-44.378948]
03:35:52.401,[0|10|20|30|40],[1|1|1|1|1],[2.969957|-5.693680|5.209327|19.791603|54.818821]
03:35:52.520,[0|10|20|30|40],[1|1|1|1|1],[2.501682|-5.854893|5.098963|27.322292|75.098328]
03:35:52.605,[0|10|20|30|40],[1|1|1|1|1],[2.810471|-5.209798|5.293465|20.559835|38.230991]
03:35:52.726,[0|10|20|30|40],[1|1|1|1|1],[-2.809761|-5.880713|5.074978|28.994703|59.660244]
03:35:52.804,[0|10|20|30|40],[1|1|1|1|1],[1.802532|-5.108738|-4.594731|34.601593|-46.548939]
03:35:52.905,[0|10|20|30|40],[1|1|1|1|1],[-1.393544|-3.562391|5.255222|44.385433|-66.719528]
03:35:53.002,[0|10|20|30|40],[1|1|1|1|1],[-1.107459|3.861797|-3.822970|34.981682|-17.796135]
03:35:53.124,[0|10|20|30|40],[1|1|1|1|1],[-2.037682|-3.757393|-4.745007|40.381577|-14.104843]
03:35:53.223,[0|10|20|30|40],[1|1|1|1|1],[2.194374|-4.250801|-6.500292|48.264313|9.580326]
03:35:53.291,[0|10|20|30|40],[1|1|1|1|1],[-2.651367|3.674996|-9.322524|-41.318512|-16.199780]
03:35:53.391,[0|10|20|30|40],[1|1|1|1|1],[3.240203|2.622724|-10.820675|-41.454361|-2.764988]
03:35:53.504,[0|10|20|30|40],[1|1|1|1|1],[3.307821|2.322984|-8.423591|-40.196465|7.634544]
03:35:53.622,[0|10|20|30|40],[1|1|1|1|0],[4.084588|-2.459401|-4.544711|-36.784409|0.000000]
03:35:53.702,[0|10|20|30|40],[1|1|1|1|1],[2.479793|-3.016955|-4.558015|-18.749380|-28.253460]
03:35:53.803,[0|10|20|30|40],[1|1|1|1|0],[2.622347|-3.959590|-5.666733|10.746336|0.000000]
03:35:53.903,[0|10|20|30|40],[1|1|1|1|0],[2.744815|-4.609591|5.834126|-12.818480|0.000000]
03:35:54.005,[0|10|20|30|40],[1|1|1|1|0],[-1.710568|-4.046571|6.135058|-17.846918|0.000000]
03:35:54.103,[0|10|20|30|40],[1|1|1|1|0],[-2.136519|-4.336596|5.511141|-25.278568|0.000000]
03:35:54.185,[0|10|20|30|40],[1|1|1|1|0],[-1.311291|-4.531443|-6.726766|-37.076042|0.000000]
03:35:54.292,[0|10|20|30|40],[1|1|1|1|0],[-1.425856|-4.983544|-7.356668|-48.020935|0.000000]
03:35:54.371,[0|10|20|30|40],[1|1|1|1|0],[-1.193868|-5.395460|-8.072257|-57.687332|0.000000]
03:35:54.495,[0|10|20|30|40],[1|1|1|1|0],[-2.104004|-5.745512|-10.171175|-62.948181|0.000000]
03:35:54.574,[0|10|20|30|40],[1|1|1|1|0],[-1.317532|-8.938676|-10.522366|-45.652580|0.000000]
03:35:54.693,[0|10|20|30|40],[1|1|1|1|0],[-1.915907|-8.352667|-10.614753|-43.400002|0.000000]
03:35:54.790,[0|10|20|30|40],[1|1|1|1|0],[-2.802367|-9.046471|-10.503101|-33.675385|0.000000]
03:35:54.913,[0|10|20|30|40],[1|1|1|1|0],[-2.790791|-8.365107|-6.101418|-23.532677|0.000000]
03:35:54.993,[0|10|20|30|40],[1|1|1|1|0],[-3.875185|-7.452398|-6.548142|-27.564335|0.000000]
03:35:55.096,[0|10|20|30|40],[1|1|1|1|0],[-4.243507|-7.175756|3.760028|-28.630590|0.000000]
03:35:55.211,[0|10|20|30|40],[1|1|1|1|0],[-4.600018|-6.914228|4.927444|29.046440|0.000000]
03:35:55.332,[0|10|20|30|40],[1|1|1|1|0],[-3.486888|-7.697225|6.975913|23.008394|0.000000]
03:35:55.421,[0|10|20|30|40],[1|1|1|1|1],[-3.873301|-4.654318|14.564633|25.559425|15.703392]
03:35:55.504,[0|10|20|30|40],[1|1|1|1|1],[-3.160422|-4.452234|12.179804|14.626741|-27.598667]
03:35:55.623,[0|10|20|30|40],[1|1|1|1|0],[-3.676695|-4.614073|14.207053|-20.921803|0.000000]
03:35:55.726,[0|10|20|30|40],[1|1|1|1|1],[-3.330725|-5.142856|10.635233|-25.504780|-5.102921]
03:35:55.825,[0|10|20|30|40],[1|1|1|1|1],[-3.288293|-5.712527|11.056638|-24.725866|-8.893394]
03:35:55.921,[0|10|20|30|40],[1|1|1|1|1],[4.069476|-6.221551|11.430120|-24.071836|-11.721897]
03:35:55.980,[0|10|20|30|40],[1|1|1|1|1],[3.268611|-6.426496|-8.640838|-29.591513|-17.617989]
03:35:56.123,[0|10|20|30|40],[1|1|1|1|1],[-2.781276|-6.978578|-9.549236|-31.809378|-22.890186]
03:35:56.223,[0|10|20|30|40],[1|1|1|1|1],[2.606361|-7.183355|-10.208535|-36.852028|15.487289]
03:35:56.303,[0|10|20|30|40],[1|1|1|1|1],[-3.941657|-7.052082|-11.237502|-41.732121|10.160923]
03:35:56.405,[0|10|20|30|40],[1|1|1|1|1],[-3.473109|3.479230|-6.769466|-24.314594|-17.247963]
03:35:56.506,[0|10|20|30|40],[1|1|1|1|1],[-3.225949|4.209757|-7.928729|-28.958178|-43.762302]
03:35:56.601,[0|10|20|30|40],[1|1|1|1|1],[-2.419390|4.656720|-6.770110|-29.474926|-62.094212]
03:35:56.701,[0|10|20|30|40],[1|1|1|1|1],[-2.601681|4.785168|6.131935|31.548262|74.763489]
03:35:56.823,[0|10|20|30|40],[1|1|1|1|1],[-2.380560|4.983759|6.630874|27.113485|1.965141]
03:35:56.901,[0|10|20|30|40],[1|1|1|1|1],[-1.543927|5.065656|9.621406|29.701138|-12.958813]
03:35:56.981,[0|10|20|30|40],[1|1|1|1|1],[-2.988300|4.656249|10.415983|35.283897|-15.317249]
03:35:57.080,[0|10|20|30|40],[1|1|1|1|1],[-3.142792|7.553875|13.853860|45.623825|-41.191864]
03:35:57.184,[0|10|20|30|40],[1|1|1|1|1],[-3.083251|7.917648|16.106583|59.982445|-75.705246]
03:35:57.305,[0|10|20|30|40],[1|1|1|1|1],[-2.818860|10.413212|19.604279|74.755905|-70.282272]
03:35:57.383,[0|10|20|30|40],[1|1|1|1|1],[-3.069461|11.223900|16.053104|62.998962|-84.865952]
03:35:57.482,[0|10|20|30|40],[1|1|1|1|1],[-2.396632|13.304764|20.549345|63.837719|-34.743404]
03:35:57.580,[0|10|20|30|40],[1|1|1|1|1],[-3.296435|-12.925333|-22.644115|-57.019520|-44.309807]
03:35:57.705,[0|10|20|30|40],[1|1|1|1|0],[-4.348069|-14.370370|-25.203419|-68.993851|0.000000]
03:35:57.783,[0|10|20|30|40],[1|1|1|1|0],[-3.457732|-12.921036|-22.388124|-63.074684|0.000000]
03:35:57.901,[0|10|20|30|40],[1|1|1|1|1],[-4.484636|-14.197951|-27.094818|-72.930717|3.342342]
03:35:57.980,[0|10|20|30|40],[1|1|1|1|1],[-2.492612|-12.637800|-27.468990|-59.795906|-10.001183]
03:35:58.083,[0|10|20|30|40],[1|1|1|1|1],[-2.433849|-13.738573|-20.836426|-38.472176|-17.081261]
03:35:58.181,[0|10|20|30|40],[1|1|1|1|1],[-2.339995|-13.874531|-22.222446|-42.570782|-19.584751]
03:35:58.281,[0|10|20|30|40],[1|1|1|1|1],[-2.516652|-15.198487|-23.391056|-43.012856|-12.301922]
03:35:58.380,[0|10|20|30|40],[1|1|1|1|1],[-2.874195|-13.508576|-13.395047|-27.383518|-14.180565]
03:35:58.483,[0|10|20|30|40],[1|1|1|1|1],[-4.129740|-13.235539|-12.963176|-28.660536|5.807209]
03:35:58.604,[0|10|20|30|40],[1|1|1|1|1],[-3.950588|-13.436967|-13.348913|-13.246202|-13.139629]
03:35:58.684,[0|10|20|30|40],[1|1|1|1|1],[-4.469326|-13.426483|-13.675141|-15.274858|-24.779129]
03:35:58.801,[0|10|20|30|40],[1|1|1|1|1],[-5.480964|-10.271967|-13.928294|-19.714928|-31.183434]
03:35:58.880,[0|10|20|30|40],[1|1|1|1|1],[-6.041514|-11.993342|-13.005924|-14.465427|-41.574478]
03:35:58.983,[0|10|20|30|40],[1|1|1|1|1],[-6.419054|-10.354066|-11.255026|-13.856268|-35.554028]
03:35:59.083,[0|10|20|30|40],[1|1|1|1|1],[-6.451288|-13.564396|-9.147453|-17.586327|-18.647289]
03:35:59.181,[0|10|20|30|40],[1|1|1|1|1],[-6.971347|-13.583976|-8.033729|-14.034319|-26.496029]
03:35:59.280,[0|10|20|30|40],[1|1|1|1|1],[-7.354265|-13.635624|-8.066106|-18.673992|-37.749146]
03:35:59.383,[0|10|20|30|40],[1|1|1|1|1],[-4.566834|-15.429521|-10.726690|-22.081089|-35.416077]
03:35:59.501,[0|10|20|30|40],[1|1|1|1|1],[-4.775969|-14.390224|-9.582090|-18.557692|-43.369007]
03:35:59.600,[0|10|20|30|40],[1|1|1|1|1],[-5.647613|-14.681042|-8.941603|-13.110590|-31.560946]
03:35:59.700,[0|10|20|30|40],[1|1|1|1|1],[-6.413652|-9.593349|-4.668522|-15.215683|-37.883713]
03:35:59.779,[0|10|20|30|40],[1|1|1|1|1],[-5.210895|-6.923014|-4.052353|-10.701275|-43.400383]
03:35:59.883,[0|10|20|30|40],[1|1|1|1|1],[-7.249532|-10.954666|-5.443406|-7.084703|-22.698402]
03:36:00.005,[0|10|20|30|40],[1|1|1|1|1],[-6.106437|-10.306334|-4.545808|-9.447813|-13.449287]
03:36:00.082,[0|10|20|30|40],[1|1|1|1|1],[-6.713754|-8.882218|-4.817188|-6.659794|-15.052414]
03:36:00.201,[0|10|20|30|40],[1|1|1|1|1],[-7.592504|-8.721256|-4.113698|7.079506|-18.218088]
03:36:00.320,[0|10|20|30|40],[1|1|1|1|1],[-7.986810|-6.349385|-5.601013|8.769298|-34.044456]
03:36:00.402,[0|10|20|30|40],[1|1|1|1|1],[-7.566147|-7.043922|-5.939353|9.444904|-43.916176]
03:36:00.521,[0|10|20|30|40],[1|1|1|1|1],[-7.497877|-7.665926|-6.043077|-12.098837|-42.676735]
03:36:00.605,[0|10|20|30|40],[1|1|1|1|1],[5.546474|-9.493202|-7.459342|-17.113304|-55.802059]
03:36:00.726,[0|10|20|30|40],[1|1|1|1|1],[-4.388617|-7.700729|-7.542753|-19.041681|-62.801933]
03:36:00.822,[0|10|20|30|40],[1|1|1|1|1],[-4.357617|-7.315612|-9.503115|-20.273447|-58.912323]
03:36:00.915,[0|10|20|30|40],[1|1|1|1|1],[-4.125126|-7.547423|-10.087013|-21.322132|-42.704582]
03:36:00.993,[0|10|20|30|40],[1|1|1|1|1],[-3.158391|-6.866795|-10.840786|-22.467566|-36.055801]
03:36:01.114,[0|10|20|30|40],[1|1|1|1|1],[-3.070059|7.649061|10.236740|19.779253|-32.461452]
03:36:01.215,[0|10|20|30|40],[1|1|1|1|1],[-3.187361|5.595225|8.008730|16.445518|22.370768]
03:36:01.332,[0|10|20|30|40],[1|1|1|1|1],[-2.883641|5.819374|8.833098|14.393306|20.756769]
03:36:01.416,[0|10|20|30|40],[1|1|1|1|1],[-2.683389|5.470827|8.381712|12.961149|19.759941]
03:36:01.494,[0|10|20|30|40],[1|1|1|1|1],[-1.386996|5.174953|12.883913|15.151668|16.083002]
03:36:01.589,[0|10|20|30|40],[1|1|1|1|1],[1.821802|8.192465|15.171123|19.685650|19.727945]
03:36:01.695,[0|10|20|30|40],[1|1|1|1|1],[-1.826660|9.875107|17.851437|21.422504|24.166536]
03:36:01.815,[0|10|20|30|40],[1|1|1|1|1],[-2.829907|14.721688|21.584558|21.788359|25.657654]
03:36:01.912,[0|10|20|30|40],[1|1|1|1|1],[-4.688344|-19.006229|-21.342993|-22.036552|-24.177408]
03:36:01.995,[0|10|20|30|40],[1|1|1|1|1],[-4.165554|-15.742582|-18.897999|-22.820568|-28.077459]
03:36:02.094,[0|10|20|30|40],[1|1|1|1|1],[-4.924836|-18.657398|-20.834564|-20.425011|-25.156403]
03:36:02.173,[0|10|20|30|40],[1|1|1|1|1],[-5.100040|-17.782915|-19.433439|-17.411375|-19.607973]
03:36:02.311,[0|10|20|30|40],[1|1|1|1|1],[-6.820174|-22.103876|-21.669388|-20.219278|-19.520664]
03:36:02.394,[0|10|20|30|40],[1|1|1|1|1],[-7.665529|-18.313301|-20.087540|-17.140579|-12.359595]
03:36:02.494,[0|10|20|30|40],[1|1|1|1|1],[-7.453556|-18.302998|-15.890813|-13.437939|-9.252167]
03:36:02.594,[0|10|20|30|40],[1|1|1|1|1],[-8.909730|-16.120687|-13.696491|-10.823321|-6.090403]
03:36:02.712,[0|10|20|30|40],[1|1|1|1|1],[-8.922184|-15.443340|-14.207352|-10.664773|-5.253625]
03:36:02.791,[0|10|20|30|40],[1|1|1|1|1],[-7.728094|-14.809436|-15.183306|-8.488059|-2.918863]
03:36:02.914,[0|10|20|30|40],[1|1|1|1|1],[-9.299158|-13.615835|-12.643993|-8.397388|-4.347110]
03:36:02.989,[0|10|20|30|40],[1|1|1|1|1],[-6.796954|-9.959232|-12.375069|-7.971525|-4.365230]
03:36:03.114,[0|10|20|30|40],[1|1|1|1|1],[-7.178732|-11.581093|-9.885359|-5.514884|-4.415274]
03:36:03.216,[0|10|20|30|40],[1|1|1|1|1],[-5.204606|-8.807718|-7.044744|-4.450631|-4.400325]
03:36:03.315,[0|10|20|30|40],[1|1|1|1|1],[-5.027445|-6.248063|-6.383324|-5.027604|4.286361]
03:36:03.414,[0|10|20|30|40],[1|1|1|1|1],[-4.211196|-6.036958|-6.342774|-4.485142|4.786491]
03:36:03.493,[0|10|20|30|40],[1|1|1|1|1],[-4.218046|-6.578490|-5.987585|-3.364277|5.031085]
03:36:03.615,[0|10|20|30|40],[1|1|1|1|1],[-2.819832|-6.490591|-5.885625|-3.244591|5.564737]
03:36:03.714,[0|10|20|30|40],[1|1|1|1|1],[-3.164735|-4.604354|-4.006582|2.925992|5.978823]
03:36:03.813,[0|10|20|30|40],[1|1|1|1|1],[-1.982066|-3.076500|-3.935206|3.053916|6.670046]
03:36:03.892,[0|10|20|30|40],[1|1|1|1|1],[-1.622100|-3.328398|-3.981942|-1.907969|3.286564]
03:36:03.994,[0|10|20|30|40],[1|1|1|1|1],[1.276429|-3.507343|-4.713416|-2.232742|2.543402]
03:36:04.096,[0|10|20|30|40],[1|1|1|1|1],[-1.227129|-3.775832|-4.546010|-1.135170|3.138852]
03:36:04.196,[0|10|20|30|40],[1|1|1|1|1],[-1.499763|-2.652535|-2.095342|-1.511663|3.274190]
03:36:04.291,[0|10|20|30|40],[1|1|1|1|1],[-1.770321|-2.625480|-2.066028|-1.432729|4.070950]
03:36:04.390,[0|10|20|30|40],[1|1|1|1|1],[0.690602|-1.610199|-1.754457|-1.341283|4.141927]
03:36:04.512,[0|10|20|30|40],[1|1|1|1|1],[0.637291|-2.151134|-2.480310|1.252186|4.391008]
03:36:04.613,[0|10|20|30|40],[1|1|1|1|1],[-0.920719|-2.541541|-2.824411|-0.823456|4.067758]
03:36:04.693,[0|10|20|30|40],[1|1|1|1|1],[-0.878280|-3.059798|-3.619376|-1.188114|2.906886]
03:36:04.815,[0|10|20|30|40],[1|1|1|1|1],[-1.006953|-3.264189|-3.728148|-2.223831|3.400702]
03:36:04.916,[0|10|20|30|40],[1|1|1|1|1],[-1.877280|-2.860309|-2.907130|-2.146698|4.337791]
03:36:05.012,[0|10|20|30|40],[1|1|1|1|1],[-2.138281|-2.863187|-2.662821|-1.932366|5.017689]
03:36:05.111,[0|10|20|30|40],[1|1|1|1|1],[-2.286520|-2.444440|-2.329670|-1.925888|5.331281]
03:36:05.214,[0|10|20|30|40],[1|1|1|1|1],[-2.451226|-2.260195|-2.345435|2.076773|5.541635]
03:36:05.331,[0|10|20|30|40],[1|1|1|1|1],[2.529289|-2.237993|-2.392170|2.190918|-5.017632]
03:36:05.410,[0|10|20|30|40],[1|1|1|1|1],[-1.461306|-1.604986|-2.207064|2.329247|-6.151080]
03:36:05.532,[0|10|20|30|40],[1|1|1|1|1],[-1.247926|-1.286255|-1.967940|2.561295|-7.050604]
03:36:05.611,[0|10|20|30|40],[1|1|1|1|1],[1.255535|-1.373500|-2.449016|2.703273|-7.501364]
03:36:05.736,[0|10|20|30|40],[1|1|1|1|1],[1.242630|-1.445453|-2.326079|-4.089510|-7.861752]
03:36:05.833,[0|10|20|30|40],[1|1|1|1|1],[1.417157|-0.724032|-3.258827|2.340281|-3.082073]
03:36:05.911,[0|10|20|30|40],[1|1|1|1|1],[1.484938|-1.723183|-3.132608|2.330536|-3.001034]
03:36:06.030,[0|10|20|30|40],[1|1|1|1|1],[1.482674|-1.994445|-2.838647|-2.365196|-2.760017]
03:36:06.114,[0|10|20|30|40],[1|1|1|1|1],[-1.681472|-2.164696|-4.931189|-3.960758|-2.515757]
03:36:06.233,[0|10|20|30|40],[1|1|1|1|1],[-1.787093|2.030972|4.807800|3.067744|2.813411]
03:36:06.331,[0|10|20|30|40],[1|1|1|1|1],[-1.834086|3.132529|4.611659|3.018177|2.760983]
03:36:06.412,[0|10|20|30|40],[1|1|1|1|1],[-1.742656|2.443080|5.282645|3.049600|2.677143]
03:36:06.494,[0|10|20|30|40],[1|1|1|1|1],[1.547575|3.178789|5.146244|3.057176|2.557373]
03:36:06.612,[0|10|20|30|40],[1|1|1|1|1],[1.657835|3.385765|4.265770|4.079485|3.123558]
03:36:06.734,[0|10|20|30|40],[1|1|1|1|1],[1.630662|3.180055|5.335149|3.680009|2.639472]
03:36:06.831,[0|10|20|30|40],[1|1|1|1|1],[1.457083|4.695980|5.338278|3.697824|-2.780330]
03:36:06.910,[0|10|20|30|40],[1|1|1|1|1],[1.820050|4.453573|4.647943|2.414399|-3.309846]
03:36:07.017,[0|10|20|30|40],[1|1|1|1|1],[2.045465|4.781945|4.282761|2.244025|-4.044807]
03:36:07.134,[0|10|20|30|40],[1|1|1|1|1],[2.561092|5.311316|3.857476|2.279264|-3.287065]
03:36:07.234,[0|10|20|30|40],[1|1|1|1|1],[1.448721|5.493639|3.681809|2.385885|-2.844930]
03:36:07.315,[0|10|20|30|40],[1|1|1|1|1],[1.467960|5.047083|3.513023|1.716417|-2.956688]
03:36:07.414,[0|10|20|30|40],[1|1|1|1|1],[2.024946|5.452838|2.428859|-1.694351|-2.988029]
03:36:07.516,[0|10|20|30|40],[1|1|1|1|1],[1.707421|2.853641|3.088584|3.023326|-3.100944]
03:36:07.610,[0|10|20|30|40],[1|1|1|1|1],[1.280838|2.215803|3.315353|2.794755|-2.913237]
03:36:07.714,[0|10|20|30|40],[1|1|1|1|1],[1.285947|2.358879|3.886795|2.563256|1.209056]
03:36:07.836,[0|10|20|30|40],[1|1|1|1|1],[1.617537|2.689649|3.719535|2.268648|1.729178]
03:36:07.895,[0|10|20|30|40],[1|1|1|1|1],[1.712471|2.814893|3.695473|3.122300|1.857823]
03:36:08.034,[0|10|20|30|40],[1|1|1|1|1],[1.941871|3.118353|3.664288|2.921557|1.912254]
03:36:08.132,[0|10|20|30|40],[1|1|1|1|1],[1.504674|4.015076|3.978500|2.755415|2.210933]
03:36:08.215,[0|10|20|30|40],[1|1|1|1|1],[0.816680|4.350054|3.921956|2.434653|2.432692]
03:36:08.293,[0|10|20|30|40],[1|1|1|1|1],[1.009291|4.244804|5.043936|4.018462|3.107083]
03:36:08.394,[0|10|20|30|40],[1|1|1|1|1],[1.150437|4.614761|5.571410|4.833519|4.514503]
03:36:08.515,[0|10|20|30|40],[1|1|1|1|1],[1.791859|5.893889|5.480802|5.145648|5.310410]
03:36:08.612,[0|10|20|30|40],[1|1|1|1|1],[1.201643|4.300552|5.163998|4.519376|5.388484]
03:36:08.692,[0|10|20|30|40],[1|1|1|1|1],[1.493388|4.654667|5.233636|5.319682|5.760729]
03:36:08.792,[0|10|20|30|40],[1|1|1|1|1],[2.127014|5.243248|5.638966|5.866405|5.928552]
03:36:08.893,[0|10|20|30|40],[1|1|1|1|1],[2.706091|6.153765|6.462798|5.988675|5.874011]
03:36:09.013,[0|10|20|30|40],[1|1|1|1|1],[1.649317|5.184206|6.227708|4.104712|3.595972]
03:36:09.134,[0|10|20|30|40],[1|1|1|1|1],[2.020061|6.035444|6.346426|4.912093|3.929632]
03:36:09.194,[0|10|20|30|40],[1|1|1|1|1],[2.523014|5.165994|5.803543|6.795122|4.964231]
03:36:09.293,[0|10|20|30|40],[1|1|1|1|1],[2.556601|4.999199|5.608028|8.026451|7.168254]
03:36:09.394,[0|10|20|30|40],[1|1|1|1|1],[2.364984|5.679316|6.594788|8.003058|8.133267]
03:36:09.516,[0|10|20|30|40],[1|1|1|1|1],[2.488288|7.733387|10.052124|10.183482|6.881825]
03:36:09.631,[0|10|20|30|40],[1|1|1|1|1],[-3.533524|-9.129771|-10.510698|-10.107371|6.162666]
03:36:09.711,[0|10|20|30|40],[1|1|1|1|1],[-3.703764|-9.973142|-12.568495|-11.431654|5.261024]
03:36:09.811,[0|10|20|30|40],[1|1|1|1|1],[-4.383698|-12.665614|-14.188518|-11.131824|4.938018]
03:36:09.911,[0|10|20|30|40],[1|1|1|1|1],[-5.511847|-15.502170|-16.947493|-11.760717|4.543084]
