timestamp,distances,validty,bias
03:22:30.005,[0|10|20|30|40],[1|1|1|1|1],[-8.085405|-10.851742|6.997493|2.643353|7.642365]
03:22:30.083,[0|10|20|30|40],[1|1|1|1|1],[-7.540190|-11.369750|6.993318|2.971542|5.286670]
03:22:30.188,[0|10|20|30|40],[1|1|1|1|1],[5.709990|11.902263|6.695011|5.199623|-3.178108]
03:22:30.304,[0|10|20|30|40],[1|1|1|1|1],[5.109102|10.824153|5.812174|4.978699|-3.956902]
03:22:30.383,[0|10|20|30|40],[1|1|1|1|1],[4.226898|10.626443|6.468636|6.023765|-4.430616]
03:22:30.476,[0|10|20|30|40],[1|1|1|1|1],[4.627887|8.941717|6.924355|5.585509|-3.849363]
03:22:30.576,[0|10|20|30|40],[1|1|1|1|1],[5.046096|9.361701|8.857346|6.237686|-4.486239]
03:22:30.678,[0|10|20|30|40],[1|1|1|1|1],[5.678457|8.078685|9.691718|7.068944|-3.820252]
03:22:30.794,[0|10|20|30|40],[1|1|1|1|1],[5.625299|9.783694|10.089281|5.605388|-3.920066]
03:22:30.892,[0|10|20|30|40],[1|1|1|1|1],[5.682847|8.644744|8.248627|5.140615|-4.440427]
03:22:30.994,[0|10|20|30|40],[1|1|1|1|1],[5.359711|9.420064|9.613708|4.609585|-4.236460]
03:22:31.072,[0|10|20|30|40],[1|1|1|1|1],[4.818868|8.516501|9.345454|4.012907|-6.590676]
03:22:31.196,[0|10|20|30|40],[1|1|1|1|1],[5.411336|9.556049|9.877401|4.259098|-4.543734]
03:22:31.293,[0|10|20|30|40],[1|1|1|1|1],[5.060907|9.323156|9.800350|3.280950|-4.883456]
03:22:31.392,[0|10|20|30|40],[1|1|1|1|1],[5.426618|9.611528|8.951866|2.842534|-5.319858]
03:22:31.477,[0|10|20|30|40],[1|1|1|1|1],[4.492270|8.520267|7.781961|-3.368497|-5.702543]
03:22:31.594,[0|10|20|30|40],[1|1|1|1|1],[4.855801|9.021667|6.051919|-3.672433|-8.090568]
03:22:31.677,[0|10|20|30|40],[1|1|1|1|1],[4.001067|9.430869|4.817975|-2.876806|-3.009224]
03:22:31.795,[0|10|20|30|40],[1|1|1|1|1],[4.184722|9.598626|2.899778|-2.838838|-3.341937]
03:22:31.892,[0|10|20|30|40],[1|1|1|1|1],[4.148770|7.181216|2.585930|-2.491331|-4.036808]
03:22:31.992,[0|10|20|30|40],[1|1|1|1|1],[4.906176|5.058129|3.366110|-2.593791|-4.780984]
03:22:32.075,[0|10|20|30|40],[1|1|1|1|1],[4.518549|3.930573|2.315810|-2.698982|-2.977943]
03:22:32.194,[0|10|20|30|40],[1|1|1|1|1],[3.230886|3.450495|4.026783|2.194178|-2.973270]
03:22:32.292,[0|10|20|30|40],[1|1|1|1|1],[3.485462|3.559461|3.915170|3.148162|3.494537]
03:22:32.392,[0|10|20|30|40],[1|1|1|1|1],[3.346431|3.229959|3.972292|3.064263|4.091489]
03:22:32.474,[0|10|20|30|40],[1|1|1|1|1],[3.178444|4.653821|5.769295|5.610585|7.761192]
03:22:32.582,[0|10|20|30|40],[1|1|1|1|1],[3.068959|5.885766|6.354422|5.174553|8.918214]
03:22:32.688,[0|10|20|30|40],[1|1|1|1|1],[2.852088|6.846483|5.862972|6.283772|9.390545]
03:22:32.787,[0|10|20|30|40],[1|1|1|1|1],[2.839922|5.789198|5.033708|4.939139|7.168126]
03:22:32.884,[0|10|20|30|40],[1|1|1|1|1],[2.753284|5.567745|4.717457|5.112433|6.338239]
03:22:32.985,[0|10|20|30|40],[1|1|1|1|1],[3.291240|6.976726|7.428506|5.569255|5.899203]
03:22:33.104,[0|10|20|30|40],[1|1|1|1|1],[3.757202|6.157923|6.050911|6.151986|7.032037]
03:22:33.207,[0|10|20|30|40],[1|1|1|1|1],[4.332978|6.802537|6.863785|6.189871|8.303368]
03:22:33.283,[0|10|20|30|40],[1|1|1|1|1],[3.129116|7.862136|7.861888|5.597138|8.178604]
03:22:33.383,[0|10|20|30|40],[1|1|1|1|1],[3.497226|6.321894|5.860037|4.321849|7.364154]
03:22:33.483,[0|10|20|30|40],[1|1|1|1|1],[3.770830|7.050511|7.414535|5.669224|7.507002]
03:22:33.602,[0|10|20|30|40],[1|1|1|1|1],[4.521151|7.322093|-6.954828|-6.603467|6.085813]
03:22:33.702,[0|10|20|30|40],[1|1|1|1|1],[4.460750|-8.992646|-8.361525|-7.198423|-6.455767]
03:22:33.803,[0|10|20|30|40],[1|1|1|1|1],[4.957457|-10.627863|-7.993600|-7.789922|-6.128001]
03:22:33.887,[0|10|20|30|40],[1|1|1|1|1],[-4.504325|-8.011010|-7.588405|-7.766634|-9.273064]
03:22:34.007,[0|10|20|30|40],[1|1|1|1|1],[-5.131970|-8.086257|-6.938270|-7.602298|-9.160113]
03:22:34.105,[0|10|20|30|40],[1|1|1|1|1],[-5.102422|-7.692479|-6.913844|-7.469111|-6.744289]
03:22:34.184,[0|10|20|30|40],[1|1|1|1|1],[-4.022930|-9.784831|-9.692347|-9.757376|-7.149446]
03:22:34.287,[0|10|20|30|40],[1|1|1|1|1],[-4.564203|-9.666179|-7.869596|10.000956|8.208788]
03:22:34.385,[0|10|20|30|40],[1|1|1|1|1],[4.297230|-8.138314|-8.235609|10.102302|10.566521]
03:22:34.524,[0|10|20|30|40],[1|1|1|1|1],[5.865564|7.965528|7.805624|10.160518|11.547279]
03:22:34.605,[0|10|20|30|40],[1|1|1|1|1],[4.070485|7.846478|6.390262|9.702217|9.863365]
03:22:34.683,[0|10|20|30|40],[1|1|1|1|1],[3.904859|8.772930|8.578476|10.392303|9.670687]
03:22:34.806,[0|10|20|30|40],[1|1|1|1|1],[4.780962|8.584105|8.008441|9.214783|8.238506]
03:22:34.921,[0|10|20|30|40],[1|1|1|1|1],[5.088903|9.440215|7.547328|9.230846|4.460454]
03:22:35.002,[0|10|20|30|40],[1|1|1|1|1],[4.535729|7.993035|7.292825|8.732062|-4.345369]
03:22:35.102,[0|10|20|30|40],[1|1|1|1|1],[2.515996|6.553528|6.700075|5.175960|-4.997778]
03:22:35.189,[0|10|20|30|40],[1|1|1|1|1],[2.765941|7.321727|7.883781|5.614889|-5.250478]
03:22:35.305,[0|10|20|30|40],[1|1|1|1|1],[2.863189|9.039697|8.356771|4.389048|-5.275738]
03:22:35.405,[0|10|20|30|40],[1|1|1|1|1],[3.215132|8.992857|5.404296|4.468489|-6.238985]
03:22:35.504,[0|10|20|30|40],[1|1|1|1|1],[4.043483|9.149178|3.863364|4.123968|-7.398081]
03:22:35.606,[0|10|20|30|40],[1|1|1|1|1],[3.534657|7.299656|3.821334|3.544706|-8.569908]
03:22:35.705,[0|10|20|30|40],[1|1|1|1|1],[3.984822|7.865381|5.834141|-3.993946|-9.131885]
03:22:35.805,[0|10|20|30|40],[1|1|1|1|1],[3.628901|8.222724|5.511940|2.761173|-6.564224]
03:22:35.923,[0|10|20|30|40],[1|1|1|1|1],[4.570560|8.900929|6.715098|-2.337319|-6.513941]
03:22:36.007,[0|10|20|30|40],[1|1|1|1|1],[3.855301|8.415327|5.949259|-2.920592|-7.071269]
03:22:36.106,[0|10|20|30|40],[1|1|1|1|1],[3.587257|5.536623|4.217145|-3.559977|-8.253586]
03:22:36.207,[0|10|20|30|40],[1|1|1|1|1],[4.374936|6.641732|3.254676|-2.864999|-6.246889]
03:22:36.302,[0|10|20|30|40],[1|1|1|1|1],[5.063008|6.600786|3.433713|-2.632457|-5.020916]
03:22:36.385,[0|10|20|30|40],[1|1|1|1|1],[3.803978|6.511497|2.552038|2.301514|-4.289222]
03:22:36.503,[0|10|20|30|40],[1|1|1|1|1],[4.699140|5.320688|3.796229|2.517998|-3.641760]
03:22:36.622,[0|10|20|30|40],[1|1|1|1|1],[4.079630|3.539521|3.775781|2.670431|-4.368448]
03:22:36.702,[0|10|20|30|40],[1|1|1|1|1],[4.251862|3.825364|3.615648|2.761513|-2.541614]
03:22:36.822,[0|10|20|30|40],[1|1|1|1|1],[2.719159|3.744148|3.419969|2.752250|-2.039587]
03:22:36.905,[0|10|20|30|40],[1|1|1|1|1],[4.235978|4.172020|5.055201|2.389878|-2.765524]
03:22:36.981,[0|10|20|30|40],[1|1|1|1|1],[3.817973|4.278473|6.139645|1.878679|-3.444648]
03:22:37.105,[0|10|20|30|40],[1|1|1|1|1],[3.561443|4.066692|4.787824|1.852059|-4.485762]
03:22:37.202,[0|10|20|30|40],[1|1|1|1|1],[2.716871|4.714301|4.360649|1.544875|-3.650188]
03:22:37.305,[0|10|20|30|40],[1|1|1|1|1],[2.532994|4.869980|3.754504|1.297772|3.688014]
03:22:37.383,[0|10|20|30|40],[1|1|1|1|1],[1.773397|4.128659|3.690645|2.002144|4.092789]
03:22:37.506,[0|10|20|30|40],[1|1|1|1|1],[2.296028|5.878431|4.902427|2.206719|4.682851]
03:22:37.604,[0|10|20|30|40],[1|1|1|1|1],[1.996975|5.336054|4.389081|3.094375|4.473066]
03:22:37.706,[0|10|20|30|40],[1|1|1|1|1],[2.094604|5.917635|3.491031|2.616358|3.800142]
03:22:37.804,[0|10|20|30|40],[1|1|1|1|1],[-1.422556|-3.963958|-2.967712|2.258134|-3.556716]
03:22:37.894,[0|10|20|30|40],[1|1|1|1|1],[1.679669|-4.341273|-4.193720|-2.256668|-3.121161]
03:22:38.016,[0|10|20|30|40],[1|1|1|1|1],[-2.331928|-4.519363|-4.007937|-2.736449|2.158463]
03:22:38.112,[0|10|20|30|40],[1|1|1|1|1],[-2.424277|-4.475145|-4.026446|-2.966815|1.792431]
03:22:38.196,[0|10|20|30|40],[1|1|1|1|1],[-2.890920|-4.173825|-4.913040|-3.033334|2.456117]
03:22:38.294,[0|10|20|30|40],[1|1|1|1|1],[-3.177796|-3.887557|-3.937407|-2.064526|2.237892]
03:22:38.396,[0|10|20|30|40],[1|1|1|1|1],[-2.067160|-3.680069|-3.243352|-2.270460|2.369428]
03:22:38.515,[0|10|20|30|40],[1|1|1|1|1],[-1.519217|-3.789794|-2.138695|-2.156276|2.938128]
03:22:38.614,[0|10|20|30|40],[1|1|1|1|1],[1.043004|-3.909365|1.763846|1.922679|3.424633]
03:22:38.696,[0|10|20|30|40],[1|1|1|1|1],[-0.817741|3.565152|1.912530|-1.923907|3.730118]
03:22:38.808,[0|10|20|30|40],[1|1|1|1|1],[-0.855465|3.081791|2.013880|-1.925200|3.879237]
03:22:38.904,[0|10|20|30|40],[1|1|1|1|1],[1.508711|3.037929|4.024616|2.636743|4.013395]
03:22:39.005,[0|10|20|30|40],[1|1|1|1|1],[1.679050|3.729317|3.778193|2.553016|4.197598]
03:22:39.081,[0|10|20|30|40],[1|1|1|1|1],[-0.902761|3.248362|3.662405|2.468038|2.134550]
03:22:39.207,[0|10|20|30|40],[1|1|1|1|1],[-0.907696|3.165245|4.506627|2.959663|4.622960]
03:22:39.304,[0|10|20|30|40],[1|1|1|1|1],[0.795932|3.832823|4.449910|2.949643|4.397488]
03:22:39.424,[0|10|20|30|40],[1|1|1|1|1],[1.237101|3.886931|4.599395|4.227000|4.473472]
03:22:39.501,[0|10|20|30|40],[1|1|1|1|1],[1.548689|4.039870|5.017370|4.371512|5.095828]
03:22:39.587,[0|10|20|30|40],[1|1|1|1|1],[1.918393|4.663703|5.143556|4.911285|4.477239]
03:22:39.705,[0|10|20|30|40],[1|1|1|1|1],[2.218420|5.244373|4.366240|4.286647|4.127240]
03:22:39.808,[0|10|20|30|40],[1|1|1|1|1],[-0.775772|3.951325|4.495579|4.482520|4.124844]
03:22:39.923,[0|10|20|30|40],[1|1|1|1|1],[-0.812946|4.593484|4.873949|4.707438|4.056525]
03:22:40.004,[0|10|20|30|40],[1|1|1|1|1],[1.187347|4.705225|5.677920|3.201699|3.323710]
03:22:40.103,[0|10|20|30|40],[1|1|1|1|1],[1.608005|4.464016|3.902847|1.323348|3.944016]
03:22:40.224,[0|10|20|30|40],[1|1|1|1|1],[2.516697|5.308179|4.428658|1.489192|5.870700]
03:22:40.308,[0|10|20|30|40],[1|1|1|1|1],[2.594175|5.301172|5.661127|2.589399|4.104447]
03:22:40.424,[0|10|20|30|40],[1|1|1|1|1],[3.234649|5.236527|6.377214|4.043460|5.032313]
03:22:40.483,[0|10|20|30|40],[1|1|1|1|1],[2.871752|5.671577|6.217676|4.262817|5.248523]
03:22:40.603,[0|10|20|30|40],[1|1|1|1|1],[2.583281|5.543457|5.556872|4.553324|5.523384]
03:22:40.725,[0|10|20|30|40],[1|1|1|1|1],[3.199551|6.021058|4.801431|6.082779|9.011984]
03:22:40.834,[0|10|20|30|40],[1|1|1|1|1],[3.646331|5.148816|4.871610|6.451553|9.623777]
03:22:40.892,[0|10|20|30|40],[1|1|1|1|1],[3.368498|5.831067|5.969995|6.663603|9.851599]
03:22:41.013,[0|10|20|30|40],[1|1|1|1|1],[3.888433|5.840321|5.876139|6.263912|9.907961]
03:22:41.111,[0|10|20|30|40],[1|1|1|1|1],[3.454164|5.439327|6.320679|5.712736|12.232637]
03:22:41.221,[0|10|20|30|40],[1|1|1|1|1],[2.163168|3.967075|7.049441|7.769096|10.887074]
03:22:41.333,[0|10|20|30|40],[1|1|1|1|1],[1.803562|4.284298|7.037544|9.196472|12.132359]
03:22:41.416,[0|10|20|30|40],[1|1|1|1|1],[2.151700|4.544421|7.797811|9.719622|15.212833]
03:22:41.537,[0|10|20|30|40],[1|1|1|1|1],[2.799966|5.383433|10.009822|11.597127|13.771319]
03:22:41.593,[0|10|20|30|40],[1|1|1|1|1],[2.209763|4.837773|10.359674|9.787613|12.155032]
03:22:41.715,[0|10|20|30|40],[1|1|1|1|1],[2.084325|7.386075|12.968838|12.519580|10.977495]
03:22:41.792,[0|10|20|30|40],[1|1|1|1|1],[1.601238|6.656043|12.355980|11.086792|13.023960]
03:22:41.898,[0|10|20|30|40],[1|1|1|1|1],[1.990474|7.873364|12.820172|10.870272|14.414978]
03:22:42.016,[0|10|20|30|40],[1|1|1|1|1],[1.820109|6.812225|10.846260|8.692485|13.950289]
03:22:42.115,[0|10|20|30|40],[1|1|1|1|1],[1.796772|-7.110414|-8.885148|-10.691845|-15.142811]
03:22:42.198,[0|10|20|30|40],[1|1|1|1|1],[2.156455|-7.860479|-10.736311|-11.919737|-17.511881]
03:22:42.292,[0|10|20|30|40],[1|1|1|1|1],[2.690617|-9.072155|-11.543902|-10.384077|-16.504467]
03:22:42.394,[0|10|20|30|40],[1|1|1|1|1],[-2.302000|-8.690267|-11.270693|-10.474462|-11.720264]
03:22:42.535,[0|10|20|30|40],[1|1|1|1|1],[-3.321922|-10.092387|-11.319080|-11.024505|-12.308729]
03:22:42.618,[0|10|20|30|40],[1|1|1|1|1],[-2.879081|-9.615297|-10.444090|-10.051441|-10.716271]
03:22:42.696,[0|10|20|30|40],[1|1|1|1|1],[-3.878517|-11.648079|-10.412565|-8.837122|-7.880151]
03:22:42.795,[0|10|20|30|40],[1|1|1|1|1],[-4.420557|-10.537991|-9.986824|-6.617713|-6.161463]
03:22:42.898,[0|10|20|30|40],[1|1|1|1|1],[-4.858311|-11.537461|-9.496519|-5.933017|-6.373811]
03:22:43.015,[0|10|20|30|40],[1|1|1|1|1],[4.158431|10.955571|7.393617|4.634828|5.671906]
03:22:43.096,[0|10|20|30|40],[1|1|1|1|1],[3.794784|8.550553|7.728142|6.262464|7.077479]
03:22:43.196,[0|10|20|30|40],[1|1|1|1|1],[3.425344|7.679906|7.961330|5.576563|7.013273]
03:22:43.295,[0|10|20|30|40],[1|1|1|1|1],[2.697997|7.858221|6.143594|4.483718|7.445550]
03:22:43.416,[0|10|20|30|40],[1|1|1|1|1],[3.172098|10.731215|9.385204|8.275789|6.830490]
03:22:43.512,[0|10|20|30|40],[1|1|1|1|1],[3.379078|9.761986|7.367462|7.132763|7.151580]
03:22:43.598,[0|10|20|30|40],[1|1|1|1|1],[3.153229|10.539048|9.274262|8.674950|8.680677]
03:22:43.714,[0|10|20|30|40],[1|1|1|1|1],[3.847677|10.874369|11.339824|8.707052|8.284330]
03:22:43.816,[0|10|20|30|40],[1|1|1|1|1],[4.383159|12.210698|12.415864|7.283604|5.282903]
03:22:43.894,[0|10|20|30|40],[1|1|1|1|1],[6.131630|13.713029|12.941015|8.442455|4.810929]
03:22:44.016,[0|10|20|30|40],[1|1|1|1|1],[6.519417|13.428495|12.128386|7.176268|7.248318]
03:22:44.093,[0|10|20|30|40],[1|1|1|1|1],[7.976393|15.042294|11.932314|6.928325|7.273614]
03:22:44.193,[0|10|20|30|40],[1|1|1|1|1],[8.873032|14.102059|10.738428|6.275272|5.936909]
03:22:44.314,[0|10|20|30|40],[1|1|1|1|1],[5.418040|12.717372|11.613548|7.665199|8.020234]
03:22:44.434,[0|10|20|30|40],[1|1|1|1|1],[7.080349|13.505941|10.395178|8.195961|6.826437]
03:22:44.518,[0|10|20|30|40],[1|1|1|1|1],[5.175860|13.011206|11.887583|8.645391|6.234050]
03:22:44.614,[0|10|20|30|40],[1|1|1|1|1],[3.016400|13.078531|13.045234|10.405159|5.904090]
03:22:44.717,[0|10|20|30|40],[1|1|1|1|1],[3.240703|12.401562|11.900452|10.015130|5.816066]
03:22:44.816,[0|10|20|30|40],[1|1|1|1|1],[5.144130|11.685568|13.997536|11.653733|7.005906]
03:22:44.935,[0|10|20|30|40],[1|1|1|1|1],[5.521247|11.573495|13.163087|8.449936|4.600012]
03:22:45.017,[0|10|20|30|40],[1|1|1|1|1],[6.144172|11.466865|13.930506|8.998900|4.382324]
03:22:45.118,[0|10|20|30|40],[1|1|1|1|1],[5.685071|12.862712|11.953360|10.863614|6.612599]
03:22:45.213,[0|10|20|30|40],[1|1|1|1|1],[3.739485|10.900539|11.429271|7.698941|5.134547]
03:22:45.332,[0|10|20|30|40],[1|1|1|1|1],[4.941561|10.652044|9.853965|8.693337|7.444572]
03:22:45.394,[0|10|20|30|40],[1|1|1|1|1],[3.061247|10.319000|11.244637|8.919102|7.597268]
03:22:45.518,[0|10|20|30|40],[1|1|1|1|1],[3.409954|10.523345|11.274041|10.723519|8.682275]
03:22:45.592,[0|10|20|30|40],[1|1|1|1|1],[4.073480|12.131866|12.215272|10.441476|8.592642]
03:22:45.695,[0|10|20|30|40],[1|1|1|1|1],[3.242866|12.107717|10.266187|11.621904|8.018851]
03:22:45.835,[0|10|20|30|40],[1|1|1|1|1],[5.168374|12.290703|12.150049|11.776334|6.874037]
03:22:45.898,[0|10|20|30|40],[1|1|1|1|1],[5.501709|11.887429|13.040775|12.877351|8.449054]
03:22:46.020,[0|10|20|30|40],[1|1|1|1|1],[6.068605|11.471798|10.590813|10.945487|8.140099]
03:22:46.118,[0|10|20|30|40],[1|1|1|1|1],[6.248034|11.363305|11.783632|10.368347|7.151699]
03:22:46.195,[0|10|20|30|40],[1|1|1|1|1],[6.610261|10.975331|10.083714|6.888598|5.922890]
03:22:46.292,[0|10|20|30|40],[1|1|1|1|1],[5.634646|11.253216|10.735519|7.698422|7.079256]
03:22:46.392,[0|10|20|30|40],[1|1|1|1|1],[-5.386272|10.221704|-8.894610|-7.685882|-8.874321]
03:22:46.511,[0|10|20|30|40],[1|1|1|1|1],[-4.865707|-12.145046|-8.679825|-8.182639|-8.243954]
03:22:46.598,[0|10|20|30|40],[1|1|1|1|1],[-3.409189|-11.992036|-10.803294|-11.039990|-10.505414]
03:22:46.718,[0|10|20|30|40],[1|1|1|1|1],[-3.347425|-12.438251|-13.178388|-11.600333|-9.373665]
03:22:46.812,[0|10|20|30|40],[1|1|1|1|1],[-4.233698|-11.196056|-12.140319|-9.534478|-8.432007]
03:22:46.894,[0|10|20|30|40],[1|1|1|1|1],[-5.140234|-11.906189|-12.092677|-9.899306|-7.968819]
03:22:47.015,[0|10|20|30|40],[1|1|1|1|1],[-6.609487|-13.550681|-12.420708|-11.908663|-8.176827]
03:22:47.114,[0|10|20|30|40],[1|1|1|1|1],[-6.965022|-13.200477|-11.476294|-11.395520|-8.571636]
03:22:47.192,[0|10|20|30|40],[1|1|1|1|1],[5.558859|-12.551480|-12.684214|-13.311661|10.329461]
03:22:47.292,[0|10|20|30|40],[1|1|1|1|1],[6.843438|11.715128|12.369320|9.890610|11.827171]
03:22:47.395,[0|10|20|30|40],[1|1|1|1|1],[5.151302|11.411407|12.984151|10.978043|12.815523]
03:22:47.512,[0|10|20|30|40],[1|1|1|1|1],[5.810622|8.714638|10.480872|8.809471|11.564291]
03:22:47.617,[0|10|20|30|40],[1|1|1|1|1],[4.409520|6.716096|8.699426|12.427521|14.272857]
03:22:47.697,[0|10|20|30|40],[1|1|1|1|1],[4.093236|8.761669|10.975281|13.321662|16.401529]
03:22:47.798,[0|10|20|30|40],[1|1|1|1|1],[3.816910|9.836271|12.650281|15.065617|16.363705]
03:22:47.898,[0|10|20|30|40],[1|1|1|1|1],[3.306123|8.916731|10.642489|13.074202|15.871965]
03:22:48.012,[0|10|20|30|40],[1|1|1|1|1],[3.897327|9.785088|11.315346|12.315691|16.044449]
03:22:48.094,[0|10|20|30|40],[1|1|1|1|1],[3.652113|7.178713|10.989276|14.081216|20.180870]
03:22:48.195,[0|10|20|30|40],[1|1|1|1|1],[3.662705|7.969516|11.368105|14.518583|23.507618]
03:22:48.293,[0|10|20|30|40],[1|1|1|1|1],[4.255975|8.058713|12.450513|16.443783|23.774551]
03:22:48.413,[0|10|20|30|40],[1|1|1|1|1],[4.275158|10.053176|14.824184|18.818314|25.560879]
03:22:48.512,[0|10|20|30|40],[1|1|1|1|1],[5.495787|9.911665|13.109488|19.814169|22.635878]
03:22:48.596,[0|10|20|30|40],[1|1|1|1|1],[3.550131|9.580712|12.864340|21.666580|27.091957]
03:22:48.696,[0|10|20|30|40],[1|1|1|1|1],[3.871184|8.655125|13.819710|22.567558|25.452757]
03:22:48.798,[0|10|20|30|40],[1|1|1|1|1],[4.594085|10.355154|16.059763|23.839277|27.251852]
03:22:48.912,[0|10|20|30|40],[1|1|1|1|1],[5.078880|13.509891|19.412821|25.366825|31.783092]
03:22:48.995,[0|10|20|30|40],[1|1|1|1|1],[4.966624|12.776841|15.996131|22.564674|30.389332]
03:22:49.098,[0|10|20|30|40],[1|1|1|1|1],[6.219097|15.176217|18.332941|23.664093|30.162121]
03:22:49.198,[0|10|20|30|40],[1|1|1|1|1],[6.260004|15.801265|18.782431|23.259842|31.328941]
03:22:49.312,[0|10|20|30|40],[1|1|1|1|1],[6.041213|14.939363|19.615274|21.740496|28.524208]
03:22:49.418,[0|10|20|30|40],[1|1|1|1|1],[6.854586|12.951589|17.766058|22.971678|32.146549]
03:22:49.517,[0|10|20|30|40],[1|1|1|1|1],[8.160818|13.124302|16.235411|23.969210|33.242153]
03:22:49.615,[0|10|20|30|40],[1|1|1|1|1],[8.459837|13.854498|18.688511|27.186371|36.367462]
03:22:49.718,[0|10|20|30|40],[1|1|1|1|1],[7.568321|12.515890|17.066406|26.296734|33.610893]
03:22:49.839,[0|10|20|30|40],[1|1|1|1|1],[6.003310|12.491650|15.152359|23.983978|30.250572]
03:22:49.916,[0|10|20|30|40],[1|1|1|1|1],[6.071986|12.368527|15.761614|19.516838|28.321625]
03:22:50.017,[0|10|20|30|40],[1|1|1|1|1],[4.761629|10.872918|18.433010|26.958715|31.233047]
03:22:50.098,[0|10|20|30|40],[1|1|1|1|1],[3.990597|13.321212|17.464363|25.393677|29.050112]
03:22:50.200,[0|10|20|30|40],[1|1|1|1|1],[4.730608|11.464244|20.505136|27.029097|31.403589]
03:22:50.312,[0|10|20|30|40],[1|1|1|1|1],[5.789541|11.955494|17.632557|22.121906|22.600483]
03:22:50.394,[0|10|20|30|40],[1|1|1|1|1],[4.528844|10.498137|16.817982|22.831964|21.969700]
03:22:50.494,[0|10|20|30|40],[1|1|1|1|1],[3.651720|7.956672|14.041376|20.304394|17.594576]
03:22:50.617,[0|10|20|30|40],[1|1|1|1|1],[4.233244|9.270850|14.202356|18.317402|15.650988]
03:22:50.695,[0|10|20|30|40],[1|1|1|1|1],[4.552498|-10.408526|-14.709395|16.818607|-14.249372]
03:22:50.798,[0|10|20|30|40],[1|1|1|1|1],[4.034492|-9.988293|13.112009|-14.016271|-14.438510]
03:22:50.914,[0|10|20|30|40],[1|1|1|1|1],[-3.555499|-6.762949|7.909375|-12.098098|-9.926796]
03:22:50.992,[0|10|20|30|40],[1|1|1|1|1],[-2.232826|-7.718492|-9.405172|-10.721481|-9.326768]
03:22:51.094,[0|10|20|30|40],[1|1|1|1|1],[-2.792281|-6.865022|-9.619724|-11.286222|-9.215403]
03:22:51.219,[0|10|20|30|40],[1|1|1|1|1],[-3.939880|-8.835596|-13.347954|-16.250908|-14.125419]
03:22:51.294,[0|10|20|30|40],[1|1|1|1|1],[-2.361329|-6.800592|-9.917885|-14.548409|-11.382866]
03:22:51.395,[0|10|20|30|40],[1|1|1|1|1],[-2.884583|6.565189|-8.372861|-11.831844|9.868526]
03:22:51.494,[0|10|20|30|40],[1|1|1|1|1],[2.875467|-7.270870|-8.950912|-11.703884|14.212918]
03:22:51.596,[0|10|20|30|40],[1|1|1|1|1],[3.551347|9.496957|11.918956|14.050746|15.931892]
03:22:51.693,[0|10|20|30|40],[1|1|1|1|1],[4.307933|9.922624|12.475014|17.341995|16.379951]
03:22:51.793,[0|10|20|30|40],[1|1|1|1|1],[5.735814|10.491612|12.697214|18.534279|16.150307]
03:22:51.912,[0|10|20|30|40],[1|1|1|1|1],[5.412845|9.625623|12.483656|15.708137|15.148139]
03:22:52.012,[0|10|20|30|40],[1|1|1|1|1],[6.202560|10.564670|12.922287|15.307021|14.668679]
03:22:52.099,[0|10|20|30|40],[1|1|1|1|1],[4.021217|11.053321|12.662327|12.351537|12.737107]
03:22:52.194,[0|10|20|30|40],[1|1|1|1|1],[6.384861|12.801722|12.579316|11.946381|13.499880]
03:22:52.293,[0|10|20|30|40],[1|1|1|1|1],[6.099322|14.579365|13.901567|10.665131|12.171912]
03:22:52.385,[0|10|20|30|40],[1|1|1|1|1],[6.866066|14.710858|8.453358|7.613003|13.066220]
03:22:52.505,[0|10|20|30|40],[1|1|1|1|1],[6.949261|11.897066|6.937819|7.060254|10.162687]
03:22:52.604,[0|10|20|30|40],[1|1|1|1|1],[7.826124|8.725584|5.340534|8.034945|9.101820]
03:22:52.684,[0|10|20|30|40],[1|1|1|1|1],[6.628966|10.179800|8.246428|11.942458|11.130548]
03:22:52.787,[0|10|20|30|40],[1|1|1|1|1],[7.506138|9.716910|9.165037|11.540508|13.717103]
03:22:52.883,[0|10|20|30|40],[1|1|1|1|1],[7.454646|9.414834|9.536201|12.171602|13.419795]
03:22:53.025,[0|10|20|30|40],[1|1|1|1|1],[5.155100|7.986111|9.700024|9.751606|10.111141]
03:22:53.087,[0|10|20|30|40],[1|1|1|1|1],[5.301640|11.174715|11.504680|9.679508|10.196662]
03:22:53.196,[0|10|20|30|40],[1|1|1|1|1],[4.039794|10.383886|10.237402|9.701765|8.416557]
03:22:53.298,[0|10|20|30|40],[1|1|1|1|1],[6.778183|13.417372|11.736053|10.841680|10.261250]
03:22:53.398,[0|10|20|30|40],[1|1|1|1|1],[6.613180|12.068027|12.355530|15.002275|13.169408]
03:22:53.506,[0|10|20|30|40],[1|1|1|1|1],[7.627258|12.168974|12.387096|13.292599|11.014080]
03:22:53.603,[0|10|20|30|40],[1|1|1|1|1],[5.206129|8.839178|9.308499|10.794699|7.860422]
03:22:53.703,[0|10|20|30|40],[1|1|1|1|1],[5.496101|8.624691|10.466975|7.429528|6.243277]
03:22:53.784,[0|10|20|30|40],[1|1|1|1|1],[6.144787|9.253624|11.613721|8.303225|7.761836]
03:22:53.908,[0|10|20|30|40],[1|1|1|1|1],[6.341887|9.142862|9.894138|7.390559|8.091974]
03:22:53.982,[0|10|20|30|40],[1|1|1|1|1],[4.133448|10.820646|12.691003|10.329760|8.515954]
03:22:54.102,[0|10|20|30|40],[1|1|1|1|1],[5.162527|9.417842|10.833752|11.209404|10.002446]
03:22:54.224,[0|10|20|30|40],[1|1|1|1|1],[4.017125|9.933573|9.496832|9.195614|10.591698]
03:22:54.307,[0|10|20|30|40],[1|1|1|1|1],[4.628303|9.835681|12.630331|10.160637|14.627695]
03:22:54.402,[0|10|20|30|40],[1|1|1|1|1],[4.826369|12.612152|13.965493|13.576448|16.537094]
03:22:54.485,[0|10|20|30|40],[1|1|1|1|1],[5.512647|11.746457|12.233430|14.130831|16.703056]
03:22:54.605,[0|10|20|30|40],[1|1|1|1|1],[5.622341|13.659641|16.234476|17.912006|17.912769]
03:22:54.704,[0|10|20|30|40],[1|1|1|1|1],[5.798172|13.108605|15.830797|16.003561|13.568854]
03:22:54.823,[0|10|20|30|40],[1|1|1|1|1],[8.248754|16.562620|19.846804|17.530882|13.310146]
03:22:54.901,[0|10|20|30|40],[1|1|1|1|1],[7.491227|15.231675|18.346840|15.470386|12.513757]
03:22:55.003,[0|10|20|30|40],[1|1|1|1|1],[-10.216504|-16.497757|-21.035105|-18.779575|-14.929247]
03:22:55.122,[0|10|20|30|40],[1|1|1|1|1],[-10.618817|-19.708344|-21.596235|-17.538500|-14.753819]
03:22:55.204,[0|10|20|30|40],[1|1|1|1|1],[-8.039765|-18.303507|-15.771037|-12.192095|-10.554719]
03:22:55.303,[0|10|20|30|40],[1|1|1|1|1],[-9.397497|-17.240490|-17.064846|-11.932898|-13.529658]
03:22:55.404,[0|10|20|30|40],[1|1|1|1|1],[-10.143636|-19.344503|-17.418951|-13.343239|-13.189197]
03:22:55.507,[0|10|20|30|40],[1|1|1|1|1],[-9.447701|-16.493025|-15.782225|-11.428129|-12.570953]
03:22:55.604,[0|10|20|30|40],[1|1|1|1|1],[-10.736576|-18.343824|-15.944547|-11.856413|-11.369133]
03:22:55.705,[0|10|20|30|40],[1|1|1|1|1],[-8.806862|-17.096960|-14.212835|-12.452459|-12.704277]
03:22:55.805,[0|10|20|30|40],[1|1|1|1|1],[-9.960562|-18.066746|-15.895510|-13.433337|-12.713861]
03:22:55.905,[0|10|20|30|40],[1|1|1|1|1],[10.913454|15.915018|14.391417|11.804831|11.831379]
03:22:56.007,[0|10|20|30|40],[1|1|1|1|1],[9.482345|18.062771|15.834588|14.872276|15.004992]
03:22:56.101,[0|10|20|30|40],[1|1|1|1|1],[9.813309|17.612490|15.077043|16.014076|15.280247]
03:22:56.225,[0|10|20|30|40],[1|1|1|1|1],[10.527582|12.677151|9.590107|9.393227|14.631009]
03:22:56.303,[0|10|20|30|40],[1|1|1|1|1],[10.759605|15.265905|9.049469|10.466027|15.644169]
03:22:56.404,[0|10|20|30|40],[1|1|1|1|1],[9.502295|13.197735|8.458412|11.777949|14.779019]
03:22:56.505,[0|10|20|30|40],[1|1|1|1|1],[8.959786|12.969387|9.411753|13.640249|15.975285]
03:22:56.604,[0|10|20|30|40],[1|1|1|1|1],[7.952661|13.444039|13.513041|13.993013|14.664578]
03:22:56.723,[0|10|20|30|40],[1|1|1|1|1],[6.818612|13.446072|13.506603|19.302750|17.854166]
03:22:56.785,[0|10|20|30|40],[1|1|1|1|1],[7.100442|14.543440|19.966465|17.576361|21.728325]
03:22:56.906,[0|10|20|30|40],[1|1|1|1|1],[6.871079|14.217440|18.521000|21.212852|22.838474]
03:22:57.006,[0|10|20|30|40],[1|1|1|1|1],[8.294632|16.371342|21.000164|22.668373|22.226477]
03:22:57.105,[0|10|20|30|40],[1|1|1|1|1],[9.627692|17.912088|20.986366|19.614483|19.183849]
03:22:57.208,[0|10|20|30|40],[1|1|1|1|1],[7.396838|18.834600|23.516453|19.982040|22.442745]
03:22:57.282,[0|10|20|30|40],[1|1|1|1|1],[8.569582|18.715269|22.467167|20.087170|22.313595]
03:22:57.382,[0|10|20|30|40],[1|1|1|1|1],[7.313910|19.533865|20.395344|17.658472|19.571136]
03:22:57.503,[0|10|20|30|40],[1|1|1|1|1],[9.352686|18.962729|25.281727|24.595428|20.793200]
03:22:57.586,[0|10|20|30|40],[1|1|1|1|1],[10.559322|20.057493|21.990854|21.146011|21.556377]
03:22:57.704,[0|10|20|30|40],[1|1|1|1|1],[7.653223|19.004900|22.155064|18.677975|21.362232]
03:22:57.784,[0|10|20|30|40],[1|1|1|1|1],[7.862823|17.170282|21.021439|20.470964|22.154449]
03:22:57.887,[0|10|20|30|40],[1|1|1|1|1],[9.321269|16.821161|22.576851|22.608662|26.726866]
03:22:58.001,[0|10|20|30|40],[1|1|1|1|1],[11.325541|18.334145|23.669498|23.257875|21.756220]
03:22:58.087,[0|10|20|30|40],[1|1|1|1|1],[9.394069|22.723158|24.047344|21.537865|23.714924]
03:22:58.184,[0|10|20|30|40],[1|1|1|1|1],[11.463726|24.311424|30.750620|27.898144|28.831053]
03:22:58.282,[0|10|20|30|40],[1|1|1|1|1],[13.041287|24.797014|25.976736|24.115955|27.438808]
03:22:58.382,[0|10|20|30|40],[1|1|1|1|1],[10.628911|17.699400|21.766949|22.202169|17.904545]
03:22:58.488,[0|10|20|30|40],[1|1|1|1|1],[8.277164|21.450293|23.483013|21.702969|21.069218]
03:22:58.585,[0|10|20|30|40],[1|1|1|1|1],[6.903571|18.660387|22.773785|22.668350|24.696398]
03:22:58.704,[0|10|20|30|40],[1|1|1|1|1],[9.698627|17.650942|22.094238|20.679474|19.905901]
03:22:58.793,[0|10|20|30|40],[1|1|1|1|1],[9.708158|17.631643|19.579279|20.480478|19.828987]
03:22:58.912,[0|10|20|30|40],[1|1|1|1|1],[11.896708|18.874546|22.767513|22.469282|19.964600]
03:22:58.997,[0|10|20|30|40],[1|1|1|1|1],[8.504417|21.506702|20.197481|21.278059|17.115665]
03:22:59.115,[0|10|20|30|40],[1|1|1|1|1],[7.329461|13.492322|17.167652|15.821230|16.658569]
03:22:59.216,[0|10|20|30|40],[1|1|1|1|1],[7.964884|13.586062|15.194332|15.032970|18.262886]
03:22:59.312,[0|10|20|30|40],[1|1|1|1|1],[-9.163425|-13.903615|-14.297712|11.770797|-15.980434]
03:22:59.394,[0|10|20|30|40],[1|1|1|1|1],[-6.201368|-12.124264|-11.661935|-9.218752|-15.106654]
03:22:59.493,[0|10|20|30|40],[1|1|1|1|1],[-6.596036|-11.684454|-11.568630|-12.653017|-18.338966]
03:22:59.623,[0|10|20|30|40],[1|1|1|1|1],[-9.271455|-12.673291|-12.265873|-15.300882|-19.205879]
03:22:59.704,[0|10|20|30|40],[1|1|1|1|1],[-8.085921|-12.882206|-12.721914|-14.704156|-18.943310]
03:22:59.808,[0|10|20|30|40],[1|1|1|1|1],[-7.829870|-14.138040|-16.792505|-20.573139|-16.589451]
03:22:59.885,[0|10|20|30|40],[1|1|1|1|1],[-7.118320|-12.469003|-16.294151|-18.208122|-12.008524]
03:23:00.004,[0|10|20|30|40],[1|1|1|1|1],[-8.234058|-14.335853|-20.527935|-19.990503|-16.076542]
03:23:00.106,[0|10|20|30|40],[1|1|1|1|1],[-8.006294|-16.960329|-21.524769|-18.507957|15.073991]
03:23:00.204,[0|10|20|30|40],[1|1|1|1|1],[8.906160|17.677021|22.140049|18.194902|16.983604]
03:23:00.282,[0|10|20|30|40],[1|1|1|1|1],[8.775870|20.278851|23.476547|15.778422|15.686226]
03:23:00.388,[0|10|20|30|40],[1|1|1|1|1],[6.803360|19.760910|23.865664|19.053459|20.023800]
03:23:00.484,[0|10|20|30|40],[1|1|1|1|1],[8.011763|19.627275|22.008133|18.808556|18.992306]
03:23:00.587,[0|10|20|30|40],[1|1|1|1|1],[10.122169|21.390554|23.084290|19.210302|17.822218]
03:23:00.716,[0|10|20|30|40],[1|1|1|1|1],[7.832149|19.361233|19.205284|19.527185|11.447835]
03:23:00.793,[0|10|20|30|40],[1|1|1|1|1],[9.989097|19.657654|22.125351|18.738354|12.636995]
03:23:00.893,[0|10|20|30|40],[1|1|1|1|1],[9.013608|17.193359|18.042791|15.428627|12.579918]
03:23:00.974,[0|10|20|30|40],[1|1|1|1|1],[9.622805|17.140007|20.142925|12.580371|15.776992]
03:23:01.105,[0|10|20|30|40],[1|1|1|1|1],[11.034133|18.310469|17.809349|11.139703|16.002941]
03:23:01.185,[0|10|20|30|40],[1|1|1|1|1],[8.187474|19.723415|19.152742|11.374116|15.916014]
03:23:01.284,[0|10|20|30|40],[1|1|1|1|1],[6.094606|15.573874|13.058162|12.672579|15.310287]
03:23:01.402,[0|10|20|30|40],[1|1|1|1|1],[7.667142|16.533733|11.579382|14.609289|17.676376]
03:23:01.487,[0|10|20|30|40],[1|1|1|1|1],[6.703608|15.766859|10.562658|13.868607|19.021343]
03:23:01.588,[0|10|20|30|40],[1|1|1|1|1],[6.783022|13.857926|13.078033|14.757943|20.955515]
03:23:01.682,[0|10|20|30|40],[1|1|1|1|1],[7.220206|16.936302|13.823408|14.152920|21.379448]
03:23:01.778,[0|10|20|30|40],[1|1|1|1|1],[8.841506|18.576981|14.973867|15.169120|23.677994]
03:23:01.878,[0|10|20|30|40],[1|1|1|1|1],[6.948732|17.627918|13.490987|15.537203|19.490910]
03:23:01.996,[0|10|20|30|40],[1|1|1|1|1],[9.010187|18.140736|15.803087|17.223751|21.874619]
03:23:02.078,[0|10|20|30|40],[1|1|1|1|1],[8.226720|15.779079|15.249032|19.575108|23.393177]
03:23:02.175,[0|10|20|30|40],[1|1|1|1|1],[7.558652|13.092117|15.134412|19.527363|24.435162]
03:23:02.277,[0|10|20|30|40],[1|1|1|1|1],[8.756222|13.332216|14.240122|18.781746|26.440239]
03:23:02.392,[0|10|20|30|40],[1|1|1|1|1],[9.667103|13.917947|14.452952|17.434799|26.737286]
03:23:02.477,[0|10|20|30|40],[1|1|1|1|1],[6.969717|14.367048|14.850008|17.496288|23.622370]
03:23:02.598,[0|10|20|30|40],[1|1|1|1|1],[7.202542|15.252789|17.146229|18.869888|23.289036]
03:23:02.698,[0|10|20|30|40],[1|1|1|1|1],[7.081787|14.986073|19.206190|16.677402|20.891212]
03:23:02.772,[0|10|20|30|40],[1|1|1|1|1],[6.653820|13.188735|18.757416|15.868271|13.427448]
03:23:02.877,[0|10|20|30|40],[1|1|1|1|1],[6.399939|14.943064|20.115292|12.842571|8.314323]
03:23:02.972,[0|10|20|30|40],[1|1|1|1|1],[7.050801|16.266382|17.244106|9.088480|6.934786]
03:23:03.092,[0|10|20|30|40],[1|1|1|1|1],[6.665380|16.305578|15.695578|6.386662|7.815027]
03:23:03.197,[0|10|20|30|40],[1|1|1|1|1],[8.681397|17.232710|15.287155|5.190790|9.317994]
03:23:03.272,[0|10|20|30|40],[1|1|1|1|1],[5.733127|16.291319|12.758040|3.992784|8.266497]
03:23:03.398,[0|10|20|30|40],[1|1|1|1|1],[7.784125|14.085050|12.526655|5.015266|7.576895]
03:23:03.478,[0|10|20|30|40],[1|1|1|1|1],[6.383426|12.104201|11.158854|8.339203|8.511257]
03:23:03.593,[0|10|20|30|40],[1|1|1|1|1],[-7.731883|-11.257156|9.702641|8.860529|8.610344]
03:23:03.694,[0|10|20|30|40],[1|1|1|1|1],[-5.780515|-9.916109|-10.534650|-10.773873|8.937311]
03:23:03.795,[0|10|20|30|40],[1|1|1|1|1],[-4.434872|-10.284365|-12.529188|-10.979425|9.380889]
03:23:03.895,[0|10|20|30|40],[1|1|1|1|1],[-5.148117|-8.935085|-13.087481|-10.510672|-10.544634]
03:23:03.993,[0|10|20|30|40],[1|1|1|1|1],[-5.992882|-10.392613|-12.976914|-7.534516|-8.855724]
03:23:04.112,[0|10|20|30|40],[1|1|1|1|1],[-6.308286|-10.235683|-13.115573|-8.080792|-12.898350]
03:23:04.192,[0|10|20|30|40],[1|1|1|1|1],[-4.783069|-9.278143|-12.586016|-8.383429|-13.240266]
03:23:04.316,[0|10|20|30|40],[1|1|1|1|1],[-5.476685|-10.345674|-9.037161|-8.513105|-12.908959]
03:23:04.396,[0|10|20|30|40],[1|1|1|1|1],[-5.102147|8.626106|8.288360|8.920490|14.158058]
03:23:04.499,[0|10|20|30|40],[1|1|1|1|1],[4.785755|9.515908|7.897907|10.818791|15.005493]
03:23:04.615,[0|10|20|30|40],[1|1|1|1|1],[4.296903|5.587480|8.174419|11.829948|14.369702]
03:23:04.719,[0|10|20|30|40],[1|1|1|1|1],[2.805721|4.569664|7.707924|13.061655|15.973306]
03:23:04.776,[0|10|20|30|40],[1|1|1|1|1],[2.673864|5.396506|9.416228|11.568058|14.470577]
03:23:04.894,[0|10|20|30|40],[1|1|1|1|1],[1.532093|4.840213|9.651751|12.241149|12.676525]
03:23:04.974,[0|10|20|30|40],[1|1|1|1|1],[2.325165|9.008047|11.689091|13.651085|15.035796]
03:23:05.096,[0|10|20|30|40],[1|1|1|1|1],[3.200161|10.780427|12.120951|16.129791|17.663883]
03:23:05.215,[0|10|20|30|40],[1|1|1|1|1],[2.801385|9.093618|9.339971|11.389244|17.159866]
03:23:05.292,[0|10|20|30|40],[1|1|1|1|1],[3.588986|7.494093|8.459968|11.616659|21.066021]
03:23:05.392,[0|10|20|30|40],[1|1|1|1|1],[4.885039|9.447978|8.516466|11.896086|22.303867]
03:23:05.474,[0|10|20|30|40],[1|1|1|1|1],[4.685030|8.449471|8.808261|13.182127|21.474625]
03:23:05.595,[0|10|20|30|40],[1|1|1|1|1],[5.994059|7.780078|9.009743|13.459980|22.258972]
03:23:05.692,[0|10|20|30|40],[1|1|1|1|1],[6.003067|8.029191|12.152666|17.880165|23.137856]
03:23:05.792,[0|10|20|30|40],[1|1|1|1|1],[7.051779|10.577289|16.029787|24.869692|29.533745]
03:23:05.873,[0|10|20|30|40],[1|1|1|1|1],[4.866645|8.865144|12.381744|18.531395|21.111584]
03:23:05.973,[0|10|20|30|40],[1|1|1|1|1],[5.279210|10.173605|13.516402|17.797815|21.605873]
03:23:06.093,[0|10|20|30|40],[1|1|1|1|1],[4.340845|10.645310|17.269606|17.986738|18.972588]
03:23:06.171,[0|10|20|30|40],[1|1|1|1|1],[3.824407|10.498174|18.138748|17.055595|17.442036]
03:23:06.274,[0|10|20|30|40],[1|1|1|1|1],[4.249280|14.066081|21.378887|19.937384|14.099979]
03:23:06.394,[0|10|20|30|40],[1|1|1|1|1],[6.147075|14.928601|13.752341|12.696636|10.667706]
03:23:06.492,[0|10|20|30|40],[1|1|1|1|1],[7.742990|15.630418|14.603287|15.849948|12.578630]
03:23:06.597,[0|10|20|30|40],[1|1|1|1|1],[7.981104|14.298484|14.468169|13.781965|10.677314]
03:23:06.673,[0|10|20|30|40],[1|1|1|1|1],[6.632958|11.155685|12.742245|11.003410|10.139942]
03:23:06.777,[0|10|20|30|40],[1|1|1|1|1],[8.354012|14.556402|15.666866|14.354277|11.661339]
03:23:06.893,[0|10|20|30|40],[1|1|1|1|1],[7.103858|13.263854|12.697148|11.506081|9.915066]
03:23:06.992,[0|10|20|30|40],[1|1|1|1|1],[7.487064|13.652989|12.220812|11.163271|10.160899]
03:23:07.097,[0|10|20|30|40],[1|1|1|1|1],[8.978354|16.667398|11.234570|7.388771|7.777905]
03:23:07.194,[0|10|20|30|40],[1|1|1|1|1],[7.444909|13.127884|9.421849|7.675958|8.108711]
03:23:07.294,[0|10|20|30|40],[1|1|1|1|1],[7.939702|12.480885|9.546667|7.034075|9.553385]
03:23:07.394,[0|10|20|30|40],[1|1|1|1|1],[8.668009|9.030795|7.664460|6.559074|8.883619]
03:23:07.472,[0|10|20|30|40],[1|1|1|1|1],[6.185614|8.764061|9.072262|8.073688|11.253834]
03:23:07.596,[0|10|20|30|40],[1|1|1|1|1],[5.051477|10.329258|10.046387|12.193489|15.938759]
03:23:07.696,[0|10|20|30|40],[1|1|1|1|1],[4.057529|5.885008|6.332946|10.800589|13.888097]
03:23:07.795,[0|10|20|30|40],[1|1|1|1|1],[3.586190|7.582188|7.574314|11.237240|16.857862]
03:23:07.895,[0|10|20|30|40],[1|1|1|1|1],[3.081188|7.621285|7.950997|11.718475|-17.745708]
03:23:07.973,[0|10|20|30|40],[1|1|1|1|1],[-4.312736|-6.697053|6.240261|8.777833|-13.291693]
03:23:08.092,[0|10|20|30|40],[1|1|1|1|1],[-5.401078|-6.547570|6.508202|8.519340|-14.022565]
03:23:08.174,[0|10|20|30|40],[1|1|1|1|1],[-5.776872|-7.329407|-8.186173|-11.856318|-17.931366]
03:23:08.313,[0|10|20|30|40],[1|1|1|1|1],[-4.838056|-7.456774|-8.322847|-13.463438|-19.751667]
03:23:08.397,[0|10|20|30|40],[1|1|1|1|1],[-4.572086|-7.188907|-6.726432|-12.404680|-16.966225]
03:23:08.495,[0|10|20|30|40],[1|1|1|1|1],[-4.284364|6.367230|3.806829|-8.911097|-14.592075]
03:23:08.597,[0|10|20|30|40],[1|1|1|1|1],[-4.355992|8.094382|7.551420|-12.009740|-15.278530]
03:23:08.698,[0|10|20|30|40],[1|1|1|1|1],[4.014379|7.978544|9.787589|-12.543715|12.576485]
03:23:08.816,[0|10|20|30|40],[1|1|1|1|1],[5.481219|8.149740|10.679221|11.659801|13.217115]
03:23:08.914,[0|10|20|30|40],[1|1|1|1|1],[4.752693|9.000943|12.496603|12.352037|10.685849]
03:23:08.999,[0|10|20|30|40],[1|1|1|1|1],[5.806138|9.156829|12.950152|11.312712|11.390400]
03:23:09.120,[0|10|20|30|40],[1|1|1|1|1],[4.952979|9.191613|10.345226|12.641597|14.990354]
03:23:09.195,[0|10|20|30|40],[1|1|1|1|1],[5.190150|11.954288|13.365531|17.130016|15.034080]
03:23:09.298,[0|10|20|30|40],[1|1|1|1|1],[5.560475|12.737981|10.617566|12.755049|11.787176]
03:23:09.395,[0|10|20|30|40],[1|1|1|1|1],[7.740287|13.739883|10.197228|12.659001|12.249041]
03:23:09.494,[0|10|20|30|40],[1|1|1|1|1],[5.141461|10.060612|8.051944|9.129691|8.993220]
03:23:09.615,[0|10|20|30|40],[1|1|1|1|1],[4.824416|8.027300|8.338701|7.073867|11.164522]
03:23:09.692,[0|10|20|30|40],[1|1|1|1|1],[5.259698|7.858388|8.260775|7.297742|11.488533]
03:23:09.796,[0|10|20|30|40],[1|1|1|1|1],[5.558636|7.359436|8.060205|8.397781|13.172054]
03:23:09.896,[0|10|20|30|40],[1|1|1|1|1],[5.599106|7.884541|9.614068|7.681394|10.413313]
03:23:09.998,[0|10|20|30|40],[1|1|1|1|1],[6.384725|8.523896|6.842518|6.825447|12.234759]
03:23:10.093,[0|10|20|30|40],[1|1|1|1|1],[4.877276|7.984987|6.991440|7.644188|12.081027]
03:23:10.174,[0|10|20|30|40],[1|1|1|1|1],[4.891325|8.435801|8.460754|9.380209|12.367034]
03:23:10.271,[0|10|20|30|40],[1|1|1|1|1],[5.166744|8.868279|8.441133|10.525810|11.417174]
03:23:10.392,[0|10|20|30|40],[1|1|1|1|1],[5.508073|9.649798|10.480052|11.157584|8.855081]
03:23:10.512,[0|10|20|30|40],[1|1|1|1|1],[5.186623|10.768838|11.048433|11.160493|9.435213]
03:23:10.612,[0|10|20|30|40],[1|1|1|1|1],[4.815562|11.275059|9.886569|9.041845|8.896244]
03:23:10.698,[0|10|20|30|40],[1|1|1|1|1],[5.893244|10.443914|8.896380|10.682893|9.599710]
03:23:10.798,[0|10|20|30|40],[1|1|1|1|1],[5.353885|9.280731|10.164282|10.047436|9.228563]
03:23:10.893,[0|10|20|30|40],[1|1|1|1|1],[4.866499|10.257178|11.485425|7.199073|7.894826]
03:23:11.016,[0|10|20|30|40],[1|1|1|1|1],[5.175233|11.442133|10.161498|8.579456|6.986499]
03:23:11.094,[0|10|20|30|40],[1|1|1|1|1],[5.132288|11.465179|11.150503|10.206634|8.250010]
03:23:11.196,[0|10|20|30|40],[1|1|1|1|1],[6.709862|13.054064|10.712632|9.972882|7.596684]
03:23:11.294,[0|10|20|30|40],[1|1|1|1|1],[5.065081|11.357735|10.050136|8.962143|7.288408]
03:23:11.394,[0|10|20|30|40],[1|1|1|1|1],[3.405129|10.705617|9.665719|6.803155|5.840909]
03:23:11.495,[0|10|20|30|40],[1|1|1|1|1],[4.729485|11.582731|10.949382|7.058871|7.679403]
03:23:11.592,[0|10|20|30|40],[1|1|1|1|1],[5.589591|10.325513|8.674890|6.124216|5.421233]
03:23:11.694,[0|10|20|30|40],[1|1|1|1|1],[5.418588|9.713633|6.741470|5.191278|6.571245]
03:23:11.795,[0|10|20|30|40],[1|1|1|1|1],[4.095855|7.572979|6.143752|6.760531|7.036185]
03:23:11.917,[0|10|20|30|40],[1|1|1|1|1],[5.291342|7.923223|8.338865|5.792898|4.430711]
03:23:11.999,[0|10|20|30|40],[1|1|1|1|1],[4.323411|7.642879|6.834185|5.181444|4.649591]
03:23:12.097,[0|10|20|30|40],[1|1|1|1|1],[4.228008|9.426275|6.678814|5.132312|4.073417]
03:23:12.196,[0|10|20|30|40],[1|1|1|1|1],[2.829122|-7.491252|6.122536|-5.111277|-6.114512]
03:23:12.294,[0|10|20|30|40],[1|1|1|1|1],[-3.293497|-8.424617|-5.760607|-5.731541|-7.771736]
03:23:12.414,[0|10|20|30|40],[1|1|1|1|1],[-2.990132|-7.052073|-5.159295|-4.142749|-6.939488]
03:23:12.494,[0|10|20|30|40],[1|1|1|1|1],[-3.638637|-7.129050|-5.735135|-4.370856|-8.757764]
03:23:12.595,[0|10|20|30|40],[1|1|1|1|1],[-4.177985|-6.831475|-3.914830|-4.147103|-9.395069]
03:23:12.696,[0|10|20|30|40],[1|1|1|1|1],[-5.070679|-6.275931|-3.292570|-6.436572|-11.685401]
03:23:12.813,[0|10|20|30|40],[1|1|1|1|1],[-3.257114|-3.574711|-5.014049|-8.114523|-11.235613]
03:23:12.917,[0|10|20|30|40],[1|1|1|1|1],[-3.289959|-3.773020|-5.158211|-8.633364|-10.827339]
03:23:12.976,[0|10|20|30|40],[1|1|1|1|1],[-2.041640|-5.063391|-6.546346|-10.113782|10.477153]
03:23:13.112,[0|10|20|30|40],[1|1|1|1|1],[2.204429|5.346728|5.844309|8.076332|10.721263]
03:23:13.216,[0|10|20|30|40],[1|1|1|1|1],[2.315030|5.291409|5.800313|9.257875|9.214884]
03:23:13.292,[0|10|20|30|40],[1|1|1|1|1],[2.405074|5.626899|5.909653|9.640531|8.678442]
03:23:13.415,[0|10|20|30|40],[1|1|1|1|1],[1.716349|4.729662|4.782487|6.523956|8.458075]
03:23:13.493,[0|10|20|30|40],[1|1|1|1|1],[1.948914|4.685413|4.856381|7.191152|8.484666]
03:23:13.600,[0|10|20|30|40],[1|1|1|1|1],[2.150094|3.144178|3.525188|5.581268|8.266025]
03:23:13.718,[0|10|20|30|40],[1|1|1|1|1],[2.224627|1.064809|2.782522|6.772294|9.845797]
03:23:13.795,[0|10|20|30|40],[1|1|1|1|1],[1.961861|0.991135|2.942644|7.191374|9.706638]
03:23:13.898,[0|10|20|30|40],[1|1|1|1|1],[-2.536176|-0.835384|1.255970|7.400416|8.526233]
03:23:13.998,[0|10|20|30|40],[1|1|1|1|1],[-1.552864|1.255060|1.085146|8.306240|9.251794]
03:23:14.098,[0|10|20|30|40],[1|1|1|1|1],[-1.246119|1.411283|1.407170|7.244895|8.494856]
03:23:14.199,[0|10|20|30|40],[1|1|1|1|1],[-0.832661|2.079666|2.669233|6.295693|9.078896]
03:23:14.293,[0|10|20|30|40],[1|1|1|1|1],[-0.542142|2.739038|4.282450|5.878419|8.326634]
03:23:14.394,[0|10|20|30|40],[1|1|1|1|1],[0.892838|2.970358|4.773056|5.621011|7.510241]
03:23:14.497,[0|10|20|30|40],[1|1|1|1|1],[1.923306|3.225029|3.444044|4.885929|7.169488]
03:23:14.594,[0|10|20|30|40],[1|1|1|1|1],[2.140233|3.848330|2.402035|5.251472|5.945714]
03:23:14.698,[0|10|20|30|40],[1|1|1|1|1],[2.711588|3.806628|3.559987|5.576317|6.347352]
03:23:14.797,[0|10|20|30|40],[1|1|1|1|1],[2.822601|4.862132|3.751632|5.756427|7.984963]
03:23:14.894,[0|10|20|30|40],[1|1|1|1|1],[2.676934|4.947555|2.717602|4.014391|6.893003]
03:23:15.016,[0|10|20|30|40],[1|1|1|1|1],[3.192926|4.742792|2.410871|3.381628|7.728734]
03:23:15.112,[0|10|20|30|40],[1|1|1|1|1],[2.726695|3.344685|2.202783|2.778803|5.804178]
03:23:15.194,[0|10|20|30|40],[1|1|1|1|1],[1.779985|2.946778|2.093203|3.155789|7.381549]
03:23:15.296,[0|10|20|30|40],[1|1|1|1|1],[1.628457|2.110532|1.877470|3.865917|6.308877]
03:23:15.392,[0|10|20|30|40],[1|1|1|1|1],[1.673367|2.103616|-1.381211|3.938282|5.034140]
03:23:15.551,[0|10|20|30|40],[1|1|1|1|1],[1.029891|1.990008|-1.474177|4.882874|4.571912]
03:23:15.597,[0|10|20|30|40],[1|1|1|1|1],[0.997692|-1.805335|-1.478774|4.012243|4.454917]
03:23:15.698,[0|10|20|30|40],[1|1|1|1|1],[1.114906|-1.593987|-2.099796|3.012019|2.764836]
03:23:15.792,[0|10|20|30|40],[1|1|1|1|1],[-1.414178|-1.431713|-2.530819|3.256546|2.271473]
03:23:15.915,[0|10|20|30|40],[1|1|1|1|1],[1.539099|0.617563|-2.821014|-3.335886|1.923436]
03:23:16.013,[0|10|20|30|40],[1|1|1|1|1],[-1.790085|0.683813|-3.077272|-2.925688|1.654556]
03:23:16.092,[0|10|20|30|40],[1|1|1|1|1],[1.702794|0.679588|-3.347962|-2.601604|1.530501]
03:23:16.198,[0|10|20|30|40],[1|1|1|1|1],[1.512597|-1.116443|-3.442629|-2.185422|1.613125]
03:23:16.293,[0|10|20|30|40],[1|1|1|1|1],[1.280221|-1.637057|-3.813249|-2.540830|1.704866]
03:23:16.394,[0|10|20|30|40],[1|1|1|1|1],[-0.669142|-1.522027|-4.225409|-2.746895|-1.631695]
03:23:16.518,[0|10|20|30|40],[1|1|1|1|1],[-0.370923|-1.615253|2.971413|3.517455|2.157944]
03:23:16.598,[0|10|20|30|40],[1|1|1|1|1],[0.575837|-1.354790|3.430022|3.322539|2.173624]
03:23:16.692,[0|10|20|30|40],[1|1|1|1|1],[0.857092|-0.956866|3.844172|2.805222|2.225284]
03:23:16.795,[0|10|20|30|40],[1|1|1|1|1],[-0.962777|0.999871|4.248659|2.381596|2.099305]
03:23:16.892,[0|10|20|30|40],[1|1|1|1|1],[-1.223540|1.342727|4.422559|2.250416|1.941735]
03:23:16.996,[0|10|20|30|40],[1|1|1|1|1],[-1.349542|1.712234|4.206665|2.145126|-2.707999]
