timestamp,distances,validty,bias
03:22:30.025,[0|10|20|30|40],[1|1|1|1|1],[-2.227202|-1.505446|-1.883972|2.803457|5.234563]
03:22:30.123,[0|10|20|30|40],[1|1|1|1|1],[-1.913042|1.576428|2.382982|3.020191|6.503463]
03:22:30.228,[0|10|20|30|40],[1|1|1|1|1],[1.661119|2.060270|2.609509|3.046370|5.528069]
03:22:30.326,[0|10|20|30|40],[1|1|1|1|1],[1.424338|2.330288|2.592647|3.009880|7.142961]
03:22:30.432,[0|10|20|30|40],[1|1|1|1|1],[1.139157|2.279018|2.406323|-3.131592|5.716741]
03:22:30.538,[0|10|20|30|40],[1|1|1|1|1],[1.190147|2.224831|2.832383|-4.641378|-5.269289]
03:22:30.638,[0|10|20|30|40],[1|1|1|1|1],[1.388829|-1.770641|3.112799|-4.873860|-5.156970]
03:22:30.736,[0|10|20|30|40],[1|1|1|1|1],[1.708475|-1.855749|-2.709728|-4.911077|-4.696155]
03:22:30.832,[0|10|20|30|40],[1|1|1|1|1],[2.088151|-1.781009|-3.000146|-4.940307|-5.461621]
03:22:30.937,[0|10|20|30|40],[1|1|1|1|1],[-2.146270|-1.513095|-3.084421|-3.957653|-5.735135]
03:22:31.033,[0|10|20|30|40],[1|1|1|1|1],[-2.207400|1.511304|-3.802317|-4.427373|-7.835889]
03:22:31.136,[0|10|20|30|40],[1|1|1|1|1],[-2.130216|-1.770182|-3.124481|-5.005229|-8.151865]
03:22:31.234,[0|10|20|30|40],[1|1|1|1|1],[-1.939206|2.065471|2.774769|-3.015757|-5.790639]
03:22:31.334,[0|10|20|30|40],[1|1|1|1|1],[-1.981607|2.532460|2.455235|-3.222489|-4.140592]
03:22:31.433,[0|10|20|30|40],[1|1|1|1|1],[1.224291|3.117239|2.082521|-3.256381|-3.249884]
03:22:31.535,[0|10|20|30|40],[1|1|1|1|1],[1.113778|2.880172|-1.631635|-3.706849|3.968239]
03:22:31.638,[0|10|20|30|40],[1|1|1|1|1],[1.307472|2.607626|2.146935|-3.528512|4.764748]
03:22:31.732,[0|10|20|30|40],[1|1|1|1|1],[1.689758|2.650954|2.376711|2.771103|5.505800]
03:22:31.836,[0|10|20|30|40],[1|1|1|1|1],[2.018154|-1.981699|3.213817|2.864289|6.167841]
03:22:31.934,[0|10|20|30|40],[1|1|1|1|1],[-2.391970|-3.665014|3.358489|-3.328753|7.205081]
03:22:32.033,[0|10|20|30|40],[1|1|1|1|1],[-3.172336|-2.521540|3.152740|-4.655850|8.917975]
03:22:32.138,[0|10|20|30|40],[1|1|1|1|1],[-4.094318|2.058074|3.736061|-5.097771|7.267714]
03:22:32.234,[0|10|20|30|40],[1|1|1|1|1],[-4.668961|2.195114|3.359616|-5.037284|8.357048]
03:22:32.312,[0|10|20|30|40],[1|1|1|1|1],[-4.881957|1.274939|3.311068|-4.744613|4.007888]
03:22:32.438,[0|10|20|30|40],[1|1|1|1|1],[-3.802792|2.150305|3.698027|-2.735364|4.943228]
03:22:32.514,[0|10|20|30|40],[1|1|1|1|1],[-3.621333|2.399926|4.062247|-2.488577|2.852249]
03:22:32.627,[0|10|20|30|40],[1|1|1|1|1],[-2.798552|2.385900|4.303563|-2.522182|6.615376]
03:22:32.722,[0|10|20|30|40],[1|1|1|1|1],[-1.654569|2.277830|4.272241|-2.727664|7.872868]
03:22:32.825,[0|10|20|30|40],[1|1|1|1|1],[-1.106306|2.636962|3.618670|-2.740014|6.995702]
03:22:32.922,[0|10|20|30|40],[1|1|1|1|1],[-1.165796|3.123581|4.816544|2.651167|7.301021]
03:22:33.044,[0|10|20|30|40],[1|1|1|1|1],[-1.551118|2.934991|3.902596|2.920985|7.725120]
03:22:33.142,[0|10|20|30|40],[1|1|1|1|1],[-1.732549|3.523074|3.145587|3.969550|8.851767]
03:22:33.226,[0|10|20|30|40],[1|1|1|1|1],[-1.867658|2.818790|2.315205|-3.906405|5.382800]
03:22:33.327,[0|10|20|30|40],[1|1|1|1|1],[-1.967360|2.856892|2.805346|-4.252505|6.198406]
03:22:33.423,[0|10|20|30|40],[1|1|1|1|1],[-1.810756|2.411884|2.606624|-3.985500|6.998086]
03:22:33.526,[0|10|20|30|40],[1|1|1|1|1],[1.081293|-2.825877|1.642752|-3.489530|5.249143]
03:22:33.628,[0|10|20|30|40],[1|1|1|1|1],[1.444483|-2.565369|-2.702725|-3.318322|-5.915487]
03:22:33.727,[0|10|20|30|40],[1|1|1|1|1],[1.773967|-2.894381|-4.232049|-2.812564|6.332207]
03:22:33.822,[0|10|20|30|40],[1|1|1|1|1],[-1.186286|-2.260259|-3.561485|-3.176367|6.502271]
03:22:33.921,[0|10|20|30|40],[1|1|1|1|1],[-1.072463|-2.055126|-2.983385|-3.457475|-5.206037]
03:22:34.046,[0|10|20|30|40],[1|1|1|1|1],[-1.537879|-2.118093|-2.436417|-3.516030|-6.934965]
03:22:34.143,[0|10|20|30|40],[1|1|1|1|1],[-1.432018|-2.392807|-1.823443|-3.258026|-5.363739]
03:22:34.223,[0|10|20|30|40],[1|1|1|1|1],[-1.527490|-2.824932|2.258724|-3.093314|-3.757882]
03:22:34.325,[0|10|20|30|40],[1|1|1|1|1],[-1.705827|-3.155300|-1.914483|2.905703|-5.094612]
03:22:34.425,[0|10|20|30|40],[1|1|1|1|1],[1.285404|3.205580|-2.065235|2.850366|6.905830]
03:22:34.524,[0|10|20|30|40],[1|1|1|1|1],[1.355265|3.201447|-2.884257|3.245914|7.503653]
03:22:34.643,[0|10|20|30|40],[1|1|1|1|1],[1.690102|2.988334|2.693242|3.914928|10.816133]
03:22:34.721,[0|10|20|30|40],[1|1|1|1|1],[2.031238|2.742909|3.098392|6.132746|11.300266]
03:22:34.821,[0|10|20|30|40],[1|1|1|1|1],[2.545375|2.347526|4.075879|6.226718|13.082373]
03:22:34.921,[0|10|20|30|40],[1|1|1|1|1],[1.903799|1.974264|4.122239|6.679451|13.162983]
03:22:35.041,[0|10|20|30|40],[1|1|1|1|1],[1.682650|1.960331|3.900164|8.529139|14.542114]
03:22:35.122,[0|10|20|30|40],[1|1|1|1|1],[1.868220|2.220398|4.302758|7.301629|12.774110]
03:22:35.222,[0|10|20|30|40],[1|1|1|1|1],[-2.231191|2.665877|4.554701|5.041039|11.106730]
03:22:35.325,[0|10|20|30|40],[1|1|1|1|1],[1.985057|3.797841|6.061685|4.486990|4.325330]
03:22:35.424,[0|10|20|30|40],[1|1|1|1|1],[2.046946|4.527554|6.318754|4.401946|-4.603171]
03:22:35.524,[0|10|20|30|40],[1|1|1|1|1],[1.987025|4.862805|5.317945|2.644300|-5.445111]
03:22:35.626,[0|10|20|30|40],[1|1|1|1|1],[1.979528|3.725988|5.193728|2.972317|-6.378651]
03:22:35.725,[0|10|20|30|40],[1|1|1|1|1],[-1.168176|4.078080|4.799527|-2.744949|-7.955897]
03:22:35.826,[0|10|20|30|40],[1|1|1|1|1],[1.559398|4.394816|4.485250|-3.638613|-8.144522]
03:22:35.943,[0|10|20|30|40],[1|1|1|1|1],[1.520518|4.921166|2.869231|-4.998243|-8.803916]
03:22:36.026,[0|10|20|30|40],[1|1|1|1|1],[1.679398|2.749285|2.094531|-5.905330|-11.261618]
03:22:36.143,[0|10|20|30|40],[1|1|1|1|1],[-1.398212|-1.759644|2.547270|-3.647453|-8.572268]
03:22:36.244,[0|10|20|30|40],[1|1|1|1|1],[-1.457314|-1.670915|1.940554|-4.919434|-6.589246]
03:22:36.347,[0|10|20|30|40],[1|1|1|1|1],[-0.559890|1.968674|1.906979|-3.872329|-6.525803]
03:22:36.444,[0|10|20|30|40],[1|1|1|1|1],[-0.840000|2.347615|1.775539|-4.844504|-8.317447]
03:22:36.524,[0|10|20|30|40],[1|1|1|1|1],[-1.129480|1.876602|-1.799285|-3.959173|-9.194660]
03:22:36.622,[0|10|20|30|40],[1|1|1|1|1],[1.680221|-2.750368|-3.106603|-5.343723|-8.242202]
03:22:36.725,[0|10|20|30|40],[1|1|1|1|1],[-1.469080|-2.933166|-2.978948|-6.130796|-8.825135]
03:22:36.841,[0|10|20|30|40],[1|1|1|1|1],[-1.129493|-2.934129|-2.951711|-6.910163|-6.746578]
03:22:36.927,[0|10|20|30|40],[1|1|1|1|1],[-1.205612|-2.745661|-2.229452|-6.766945|-6.503129]
03:22:37.041,[0|10|20|30|40],[1|1|1|1|1],[-1.841690|-2.519256|-2.961239|-7.723570|-9.261942]
03:22:37.144,[0|10|20|30|40],[1|1|1|1|1],[-0.950668|-2.096061|-2.071595|-5.940580|-7.607162]
03:22:37.228,[0|10|20|30|40],[1|1|1|1|1],[-1.658150|-1.934257|-2.316013|-5.070668|-6.681061]
03:22:37.344,[0|10|20|30|40],[1|1|1|1|1],[-2.292567|1.415166|-2.555901|-5.375176|-6.443965]
03:22:37.443,[0|10|20|30|40],[1|1|1|1|1],[-2.383895|-4.261485|-3.435427|-5.635828|-6.142223]
03:22:37.547,[0|10|20|30|40],[1|1|1|1|1],[-2.306982|4.375058|-3.113315|-4.730445|4.827535]
03:22:37.648,[0|10|20|30|40],[1|1|1|1|1],[-2.893119|4.189381|-3.633535|-4.979897|6.264102]
03:22:37.746,[0|10|20|30|40],[1|1|1|1|1],[-3.669508|4.492992|3.072336|-3.964639|6.416202]
03:22:37.823,[0|10|20|30|40],[1|1|1|1|1],[-4.158781|-4.923443|-3.079557|-4.107266|6.605482]
03:22:37.935,[0|10|20|30|40],[1|1|1|1|1],[-4.417145|-4.284842|-2.910528|4.577393|6.865060]
03:22:38.036,[0|10|20|30|40],[1|1|1|1|1],[-4.593758|-3.445755|-1.894921|5.355918|6.211126]
03:22:38.138,[0|10|20|30|40],[1|1|1|1|1],[-5.067041|-2.564831|-1.236191|2.552491|4.621422]
03:22:38.234,[0|10|20|30|40],[1|1|1|1|1],[-5.202561|-1.848000|-1.559258|2.911180|5.750382]
03:22:38.332,[0|10|20|30|40],[1|1|1|1|1],[-5.235436|-1.249066|-1.803151|3.412092|6.209612]
03:22:38.433,[0|10|20|30|40],[1|1|1|1|1],[-3.282853|-0.853091|-1.080263|3.958130|7.799959]
03:22:38.535,[0|10|20|30|40],[1|1|1|1|1],[-5.983013|0.749787|1.358265|4.472631|5.933559]
03:22:38.634,[0|10|20|30|40],[1|1|1|1|1],[-5.239332|0.741091|-1.552442|2.597946|6.594801]
03:22:38.736,[0|10|20|30|40],[1|1|1|1|1],[-4.077362|-1.416409|-1.734912|-2.122998|-3.846586]
03:22:38.842,[0|10|20|30|40],[1|1|1|1|1],[-2.708023|-1.343858|-1.806095|2.547044|-4.250646]
03:22:38.923,[0|10|20|30|40],[1|1|1|1|1],[-1.172200|-1.319439|-1.720572|3.442788|-4.433191]
03:22:39.024,[0|10|20|30|40],[1|1|1|1|1],[-0.765719|-0.908267|1.372838|3.073180|-4.423833]
03:22:39.127,[0|10|20|30|40],[1|1|1|1|1],[-0.743995|-0.818987|1.731682|3.367221|4.998636]
03:22:39.243,[0|10|20|30|40],[1|1|1|1|1],[-1.292816|-0.810614|2.827731|3.578508|5.485582]
03:22:39.344,[0|10|20|30|40],[1|1|1|1|1],[-1.432616|-1.065610|4.352644|4.422015|5.677712]
03:22:39.443,[0|10|20|30|40],[1|1|1|1|1],[-1.266648|1.889034|4.499051|4.790133|4.373550]
03:22:39.527,[0|10|20|30|40],[1|1|1|1|1],[1.182554|2.039019|4.035741|4.670966|6.959558]
03:22:39.645,[0|10|20|30|40],[1|1|1|1|1],[1.239228|1.936046|4.726463|4.948968|6.876910]
03:22:39.747,[0|10|20|30|40],[1|1|1|1|1],[1.470242|2.320206|5.457768|5.920148|8.066654]
03:22:39.843,[0|10|20|30|40],[1|1|1|1|1],[1.851121|2.201632|5.630627|6.228018|8.117474]
03:22:39.945,[0|10|20|30|40],[1|1|1|1|1],[2.302479|2.259424|7.200649|7.657957|11.428165]
03:22:40.024,[0|10|20|30|40],[1|1|1|1|1],[2.373868|2.342763|6.681857|7.926559|10.132683]
03:22:40.123,[0|10|20|30|40],[1|1|1|1|1],[2.543740|2.808349|7.100680|9.541428|11.345232]
03:22:40.224,[0|10|20|30|40],[1|1|1|1|1],[1.588113|1.950737|7.528150|9.233582|15.728974]
03:22:40.328,[0|10|20|30|40],[1|1|1|1|1],[1.141151|3.575749|8.693298|12.614685|13.243258]
03:22:40.444,[0|10|20|30|40],[1|1|1|1|1],[1.355850|4.920767|9.762192|10.114622|11.662126]
03:22:40.527,[0|10|20|30|40],[1|1|1|1|1],[1.534816|5.401073|8.773446|12.629885|15.259754]
03:22:40.644,[0|10|20|30|40],[1|1|1|1|1],[1.237486|4.384549|10.171826|12.553555|12.978994]
03:22:40.745,[0|10|20|30|40],[1|1|1|1|1],[1.492132|5.059962|11.161206|11.043877|13.062382]
03:22:40.834,[0|10|20|30|40],[1|1|1|1|1],[1.865314|5.370560|11.435446|10.537279|13.502968]
03:22:40.938,[0|10|20|30|40],[1|1|1|1|1],[2.789901|6.038179|10.941717|11.930352|15.169024]
03:22:42.435,[0|10|20|30|40],[1|1|1|1|1],[2.511663|2.703525|-2.975690|-3.969401|-4.938519]
03:22:42.535,[0|10|20|30|40],[1|1|1|1|1],[2.760355|1.451255|-2.997041|-3.534532|-4.911363]
03:22:42.637,[0|10|20|30|40],[1|1|1|1|1],[2.640101|1.350529|-2.595756|-3.828090|4.830086]
03:22:42.738,[0|10|20|30|40],[1|1|1|1|1],[2.846102|2.293535|-5.151358|-4.468876|-4.560673]
03:22:42.835,[0|10|20|30|40],[1|1|1|1|1],[-2.484622|-3.209333|-5.137014|-5.863839|-5.832970]
03:22:42.935,[0|10|20|30|40],[1|1|1|1|1],[-2.510435|3.151737|5.614209|5.813217|-6.209946]
03:22:43.035,[0|10|20|30|40],[1|1|1|1|1],[-2.378409|3.727643|6.055385|5.436272|6.069696]
03:22:43.134,[0|10|20|30|40],[1|1|1|1|1],[-1.081301|3.492105|6.406152|4.830533|6.381238]
03:22:43.235,[0|10|20|30|40],[1|1|1|1|1],[-1.634450|3.926980|7.498508|5.581480|6.673288]
03:22:43.335,[0|10|20|30|40],[1|1|1|1|1],[-2.172129|4.663312|7.645264|6.212175|6.445432]
03:22:43.435,[0|10|20|30|40],[1|1|1|1|1],[2.675535|4.487905|6.117415|6.601298|8.948553]
03:22:43.538,[0|10|20|30|40],[1|1|1|1|1],[3.055641|4.944841|5.838478|5.595392|8.795488]
03:22:43.638,[0|10|20|30|40],[1|1|1|1|1],[-3.119363|4.043652|6.653685|7.493907|9.397018]
03:22:43.735,[0|10|20|30|40],[1|1|1|1|1],[2.755780|4.339605|5.089262|7.369637|7.673216]
03:22:43.836,[0|10|20|30|40],[1|1|1|1|1],[2.147810|3.251615|5.742610|8.908051|8.485401]
03:22:43.932,[0|10|20|30|40],[1|1|1|1|1],[2.253808|3.375651|6.228870|7.344282|7.130039]
03:22:44.036,[0|10|20|30|40],[1|1|1|1|1],[1.290855|4.356639|6.437797|9.288007|9.837127]
03:22:44.133,[0|10|20|30|40],[1|1|1|1|1],[1.132828|4.440546|7.579794|9.534311|9.001684]
03:22:44.234,[0|10|20|30|40],[1|1|1|1|1],[-2.707912|4.758458|8.194574|9.489738|8.440781]
03:22:44.334,[0|10|20|30|40],[1|1|1|1|1],[-3.123064|4.524492|7.177356|6.217402|7.203674]
03:22:44.434,[0|10|20|30|40],[1|1|1|1|1],[-3.597008|4.446465|7.815742|7.808089|8.915340]
03:22:44.538,[0|10|20|30|40],[1|1|1|1|1],[-3.708476|4.920295|10.124001|7.847685|8.758616]
03:22:44.634,[0|10|20|30|40],[1|1|1|1|1],[-3.803907|5.759067|8.560067|9.729463|9.845793]
03:22:44.738,[0|10|20|30|40],[1|1|1|1|1],[-3.694671|5.809173|8.062172|9.783470|9.836149]
03:22:44.835,[0|10|20|30|40],[1|1|1|1|1],[3.264569|6.113329|9.895974|11.692232|9.872890]
03:22:44.935,[0|10|20|30|40],[1|1|1|1|1],[-2.360170|5.140462|7.940951|10.539543|11.342728]
03:22:45.036,[0|10|20|30|40],[1|1|1|1|1],[-1.319969|5.630570|8.662352|9.481871|11.490250]
03:22:45.132,[0|10|20|30|40],[1|1|1|1|1],[-1.141036|6.205663|9.135085|8.361465|7.955205]
03:22:45.232,[0|10|20|30|40],[1|1|1|1|1],[1.356138|6.974593|8.229142|9.476959|9.367800]
03:22:45.332,[0|10|20|30|40],[1|1|1|1|1],[-0.955753|6.290184|6.826693|8.792943|9.953224]
03:22:45.435,[0|10|20|30|40],[1|1|1|1|1],[-1.072526|5.332537|8.357507|8.642727|9.809828]
03:22:45.540,[0|10|20|30|40],[1|1|1|1|1],[1.682931|5.403608|9.396601|10.042500|8.865690]
03:22:45.632,[0|10|20|30|40],[1|1|1|1|1],[-1.450747|4.673189|9.194025|11.460090|8.754932]
03:22:45.733,[0|10|20|30|40],[1|1|1|1|1],[-2.092269|3.449261|9.407314|8.016515|7.152283]
03:22:45.835,[0|10|20|30|40],[1|1|1|1|1],[-2.475733|3.391351|7.997173|8.783388|9.677219]
03:22:45.939,[0|10|20|30|40],[1|1|1|1|1],[-2.567034|3.834569|8.883720|9.972132|9.165251]
03:22:46.052,[0|10|20|30|40],[1|1|1|1|1],[-2.359044|4.792880|9.853742|9.168566|8.611345]
03:22:46.131,[0|10|20|30|40],[1|1|1|1|1],[-1.942471|4.883988|8.307672|7.982284|9.572625]
03:22:46.235,[0|10|20|30|40],[1|1|1|1|1],[-1.631999|5.458865|7.738871|8.512658|10.192060]
03:22:46.339,[0|10|20|30|40],[1|1|1|1|1],[-1.771152|4.802662|8.914277|8.466959|9.587479]
03:22:46.432,[0|10|20|30|40],[1|1|1|1|1],[-1.870853|2.400686|7.561416|-9.026641|-10.042667]
03:22:46.540,[0|10|20|30|40],[1|1|1|1|1],[1.607590|-2.277398|-8.186659|-10.764951|-11.255813]
03:22:46.634,[0|10|20|30|40],[1|1|1|1|1],[1.473822|-2.813859|-8.581880|-9.575737|-11.521137]
03:22:46.734,[0|10|20|30|40],[1|1|1|1|1],[2.030679|-2.731825|-6.673831|-9.469366|-11.752701]
03:22:46.840,[0|10|20|30|40],[1|1|1|1|1],[1.994053|-3.073396|-7.431406|-9.091973|-11.355114]
03:22:46.914,[0|10|20|30|40],[1|1|1|1|1],[1.936873|-3.414516|-7.033598|-10.963976|-13.671589]
03:22:47.015,[0|10|20|30|40],[1|1|1|1|1],[1.784809|-3.258075|-5.664486|-9.014368|-11.228025]
03:22:47.134,[0|10|20|30|40],[1|1|1|1|1],[-1.704643|-2.591886|-7.717562|-11.044187|-14.329302]
03:22:47.236,[0|10|20|30|40],[1|1|1|1|1],[-1.669849|-2.835467|-8.801094|-11.607480|-15.521563]
03:22:47.335,[0|10|20|30|40],[1|1|1|1|1],[-1.540097|3.542259|8.709860|8.580941|14.960087]
03:22:47.437,[0|10|20|30|40],[1|1|1|1|1],[-1.505590|3.462832|7.518673|9.421837|13.568282]
03:22:47.538,[0|10|20|30|40],[1|1|1|1|1],[-1.126464|4.477748|6.832272|11.417556|16.992950]
03:22:47.637,[0|10|20|30|40],[1|1|1|1|1],[-0.775378|3.327607|6.894856|13.926899|20.826948]
03:22:47.739,[0|10|20|30|40],[1|1|1|1|1],[0.838413|3.283608|7.527819|11.371416|18.954300]
03:22:47.839,[0|10|20|30|40],[1|1|1|1|1],[1.589569|3.120074|7.852796|10.916638|16.998613]
03:22:47.938,[0|10|20|30|40],[1|1|1|1|1],[1.563726|4.137075|8.846664|11.734915|20.723808]
03:22:48.038,[0|10|20|30|40],[1|1|1|1|1],[-1.102293|3.619130|5.958602|11.986929|23.888672]
03:22:48.138,[0|10|20|30|40],[1|1|1|1|1],[-1.363891|3.947534|7.757771|12.498188|22.763718]
03:22:48.214,[0|10|20|30|40],[1|1|1|1|1],[-1.536010|2.920818|8.127967|12.267649|21.663511]
03:22:48.333,[0|10|20|30|40],[1|1|1|1|1],[1.772591|3.104219|9.275171|14.561785|27.606821]
03:22:48.434,[0|10|20|30|40],[1|1|1|1|1],[2.081625|3.167521|7.712853|12.865459|27.005636]
03:22:48.532,[0|10|20|30|40],[1|1|1|1|1],[1.407182|4.491675|8.330995|13.615680|27.267456]
03:22:48.634,[0|10|20|30|40],[1|1|1|1|1],[-1.307277|5.739367|8.777803|16.929853|28.343689]
03:22:48.739,[0|10|20|30|40],[1|1|1|1|1],[-1.222356|4.941927|10.255039|18.410980|29.816616]
03:22:48.832,[0|10|20|30|40],[1|1|1|1|1],[1.127991|5.742826|9.905314|17.955376|28.218782]
03:22:48.938,[0|10|20|30|40],[1|1|1|1|1],[1.633922|5.424575|9.110159|15.535498|23.825169]
03:22:49.032,[0|10|20|30|40],[1|1|1|1|1],[1.943961|5.374217|11.340815|15.496504|21.621822]
03:22:49.111,[0|10|20|30|40],[1|1|1|1|1],[2.256089|5.844340|11.910367|16.007687|23.521280]
03:22:49.232,[0|10|20|30|40],[1|1|1|1|1],[2.034970|6.881924|11.115694|13.612568|22.881889]
03:22:49.337,[0|10|20|30|40],[1|1|1|1|1],[1.989649|5.876829|10.375595|12.427735|19.217800]
03:22:49.418,[0|10|20|30|40],[1|1|1|1|1],[1.590147|4.858530|8.454066|9.404242|17.955185]
03:22:49.537,[0|10|20|30|40],[1|1|1|1|1],[2.034725|4.581565|6.460273|8.468580|16.633272]
03:22:49.638,[0|10|20|30|40],[1|1|1|1|1],[2.918267|5.159080|5.671114|6.723869|14.327264]
03:22:49.737,[0|10|20|30|40],[1|1|1|1|1],[3.428997|3.842285|5.053550|6.979799|16.190958]
03:22:49.839,[0|10|20|30|40],[1|1|1|1|1],[2.621028|4.908255|5.149341|7.387865|16.331768]
03:22:49.936,[0|10|20|30|40],[1|1|1|1|1],[2.783988|6.343496|7.365805|11.047590|19.611454]
03:22:50.037,[0|10|20|30|40],[1|1|1|1|1],[3.977196|6.812734|7.152134|10.061073|17.315388]
03:22:50.132,[0|10|20|30|40],[1|1|1|1|1],[4.406832|5.593181|6.632102|9.539473|18.417263]
03:22:50.238,[0|10|20|30|40],[1|1|1|1|1],[4.748032|6.888923|8.462930|10.992134|22.636150]
03:22:50.338,[0|10|20|30|40],[1|1|1|1|1],[4.457340|7.419848|8.301300|11.425352|25.472879]
03:22:50.435,[0|10|20|30|40],[1|1|1|1|1],[4.518714|7.861739|8.118141|11.965572|29.672359]
03:22:50.539,[0|10|20|30|40],[1|1|1|1|1],[3.906819|7.205543|8.975863|16.734909|31.757259]
03:22:50.637,[0|10|20|30|40],[1|1|1|1|1],[4.525511|6.802377|7.547993|17.643106|34.185577]
03:22:50.733,[0|10|20|30|40],[1|1|1|1|1],[3.044344|5.586934|-9.264040|-21.324326|35.757851]
03:22:50.836,[0|10|20|30|40],[1|1|1|1|1],[-2.416189|-4.719529|-7.229752|-19.972111|-37.250664]
03:22:50.935,[0|10|20|30|40],[1|1|1|1|1],[-2.848460|-5.506680|-8.498615|-23.323763|-36.279774]
03:22:51.036,[0|10|20|30|40],[1|1|1|1|1],[-2.649692|-6.391907|-8.085573|-17.765379|-29.538559]
03:22:51.135,[0|10|20|30|40],[1|1|1|1|1],[-3.044175|-8.247684|-10.597944|-17.476034|-29.816841]
03:22:51.238,[0|10|20|30|40],[1|1|1|1|1],[-3.891455|-8.731233|-10.997068|-17.974806|-30.702305]
03:22:51.334,[0|10|20|30|40],[1|1|1|1|1],[-2.565147|-8.766100|-12.219638|-18.809212|-30.715656]
03:22:51.435,[0|10|20|30|40],[1|1|1|1|1],[-3.159386|-5.077021|-8.152401|-17.587900|-27.080654]
03:22:51.532,[0|10|20|30|40],[1|1|1|1|1],[-3.216931|-5.650255|-11.581909|-18.041599|-24.133373]
03:22:51.636,[0|10|20|30|40],[1|1|1|1|1],[3.376277|6.067517|12.239671|19.176292|25.779247]
03:22:51.734,[0|10|20|30|40],[1|1|1|1|1],[3.433252|7.320432|11.703795|19.496323|26.822805]
03:22:51.833,[0|10|20|30|40],[1|1|1|1|1],[4.050699|7.049575|9.805954|15.348053|21.409012]
03:22:51.935,[0|10|20|30|40],[1|1|1|1|1],[4.057115|9.099364|11.646164|11.383640|16.594719]
03:22:52.034,[0|10|20|30|40],[1|1|1|1|1],[4.185921|8.455711|7.555694|9.105444|16.535496]
03:22:52.138,[0|10|20|30|40],[1|1|1|1|1],[5.068984|9.311909|5.496573|8.725500|17.598629]
03:22:52.232,[0|10|20|30|40],[1|1|1|1|1],[5.757009|8.116284|6.445765|8.435607|16.684008]
03:22:52.317,[0|10|20|30|40],[1|1|1|1|1],[5.731797|8.798411|7.229054|9.476185|19.679379]
03:22:52.442,[0|10|20|30|40],[1|1|1|1|1],[5.609254|6.125605|5.254447|8.764112|21.119190]
03:22:52.524,[0|10|20|30|40],[1|1|1|1|1],[5.222214|8.558956|4.577935|8.957648|22.129107]
03:22:52.624,[0|10|20|30|40],[1|1|1|1|1],[6.486651|7.921404|4.771155|6.314564|16.917397]
03:22:52.724,[0|10|20|30|40],[1|1|1|1|1],[7.642806|7.029998|4.539722|7.321668|14.614892]
03:22:52.850,[0|10|20|30|40],[1|1|1|1|1],[5.602929|5.886868|4.427510|8.325994|15.703464]
03:22:52.923,[0|10|20|30|40],[1|1|1|1|1],[5.863730|7.204276|4.705721|5.552399|14.033747]
03:22:53.025,[0|10|20|30|40],[1|1|1|1|1],[6.022149|6.312713|3.113139|4.716051|14.419436]
03:22:53.128,[0|10|20|30|40],[1|1|1|1|1],[4.600897|3.583747|3.039348|5.026543|14.261007]
03:22:53.235,[0|10|20|30|40],[1|1|1|1|1],[5.926543|8.267281|5.619293|9.354186|18.654655]
03:22:53.336,[0|10|20|30|40],[1|1|1|1|1],[6.989418|7.887480|5.694956|10.776794|23.510242]
03:22:53.433,[0|10|20|30|40],[1|1|1|1|1],[5.108572|7.140481|4.897147|9.045315|21.421576]
03:22:53.544,[0|10|20|30|40],[1|1|1|1|1],[6.262554|7.063204|6.196105|10.748661|24.317287]
03:22:53.622,[0|10|20|30|40],[1|1|1|1|1],[6.631454|6.960037|6.377482|11.375165|24.501728]
03:22:53.743,[0|10|20|30|40],[1|1|1|1|1],[6.748725|6.766653|8.254332|12.749767|25.369072]
03:22:53.844,[0|10|20|30|40],[1|1|1|1|1],[6.015027|5.695093|8.011925|16.861403|32.913136]
03:22:53.942,[0|10|20|30|40],[1|1|1|1|1],[6.126101|5.767521|7.374412|16.860235|35.852982]
03:22:54.021,[0|10|20|30|40],[1|1|1|1|1],[6.035151|5.616519|7.929116|17.257118|35.729313]
03:22:54.141,[0|10|20|30|40],[1|1|1|1|1],[3.744049|4.723495|7.132798|17.876482|30.867672]
03:22:54.244,[0|10|20|30|40],[1|1|1|1|1],[4.070543|6.710589|9.282666|18.509865|31.035637]
03:22:54.344,[0|10|20|30|40],[1|1|1|1|1],[3.565590|5.977002|8.296299|15.911161|25.915836]
03:22:54.422,[0|10|20|30|40],[1|1|1|1|1],[2.932070|5.571443|7.735175|14.066374|22.869587]
03:22:54.543,[0|10|20|30|40],[1|1|1|1|1],[3.948964|6.073528|7.886875|15.366817|25.100756]
03:22:54.645,[0|10|20|30|40],[1|1|1|1|1],[3.302410|6.939575|8.839905|13.246239|20.705009]
03:22:54.725,[0|10|20|30|40],[1|1|1|1|1],[4.106085|6.890833|5.124241|9.212149|13.760066]
03:22:54.823,[0|10|20|30|40],[1|1|1|1|1],[4.651743|6.741375|5.215651|7.742369|13.044024]
03:22:54.922,[0|10|20|30|40],[1|1|1|1|1],[4.312644|6.069064|5.502921|8.300066|16.828728]
03:22:55.041,[0|10|20|30|40],[1|1|1|1|1],[4.003134|-4.624400|4.178840|5.513835|15.051889]
03:22:55.141,[0|10|20|30|40],[1|1|1|1|1],[2.429952|-4.121459|-3.747892|6.709313|-15.697908]
03:22:55.244,[0|10|20|30|40],[1|1|1|1|1],[2.191287|-4.724047|-4.801142|-6.646752|-15.104127]
03:22:55.341,[0|10|20|30|40],[1|1|1|1|1],[-1.771578|-3.992656|-3.674233|-6.030929|-16.299200]
03:22:55.445,[0|10|20|30|40],[1|1|1|1|1],[-2.150775|-4.505783|4.222685|-6.842184|-19.456005]
03:22:55.545,[0|10|20|30|40],[1|1|1|1|1],[-1.743588|-4.765213|5.011868|-7.639134|-18.644356]
03:22:55.647,[0|10|20|30|40],[1|1|1|1|1],[-2.873070|-4.402566|5.476284|-10.633993|-24.376892]
03:22:55.744,[0|10|20|30|40],[1|1|1|1|1],[-3.950137|5.910757|8.378535|-10.618019|-24.462055]
03:22:55.844,[0|10|20|30|40],[1|1|1|1|1],[-4.963951|8.352685|8.627862|-9.543228|-24.465704]
03:22:55.924,[0|10|20|30|40],[1|1|1|1|1],[4.391946|8.904895|8.230782|10.819065|25.468422]
03:22:56.023,[0|10|20|30|40],[1|1|1|1|1],[3.776306|7.785079|7.459002|11.113071|28.899288]
03:22:56.128,[0|10|20|30|40],[1|1|1|1|1],[4.099834|6.430140|7.779330|13.811457|31.021904]
03:22:56.225,[0|10|20|30|40],[1|1|1|1|1],[4.448533|5.835801|8.220762|15.294420|32.977772]
03:22:56.326,[0|10|20|30|40],[1|1|1|1|1],[3.726655|5.174401|7.285047|17.656374|38.379787]
03:22:56.441,[0|10|20|30|40],[1|1|1|1|1],[3.899296|5.698106|8.199162|17.679226|42.423653]
03:22:56.522,[0|10|20|30|40],[1|1|1|1|1],[4.516236|8.357674|8.322972|15.557599|36.703827]
03:22:56.644,[0|10|20|30|40],[1|1|1|1|1],[2.810383|9.165570|9.705359|20.126701|42.115307]
03:22:56.743,[0|10|20|30|40],[1|1|1|1|1],[3.968957|10.032356|10.820121|20.535803|45.069481]
03:22:56.841,[0|10|20|30|40],[1|1|1|1|1],[5.375098|10.098743|9.132463|21.671032|48.751282]
03:22:56.923,[0|10|20|30|40],[1|1|1|1|1],[6.303946|10.247782|9.506554|19.690693|43.821621]
03:22:57.046,[0|10|20|30|40],[1|1|1|1|1],[7.401784|7.487803|9.437686|16.970718|39.341782]
03:22:57.124,[0|10|20|30|40],[1|1|1|1|1],[7.927099|7.292235|8.057242|17.380035|38.047005]
03:22:57.221,[0|10|20|30|40],[1|1|1|1|1],[6.034756|4.979247|6.139952|13.356066|23.830366]
03:22:57.326,[0|10|20|30|40],[1|1|1|1|1],[4.722941|5.900189|8.431637|13.752317|22.565889]
03:22:57.425,[0|10|20|30|40],[1|1|1|1|1],[2.811427|6.366014|8.870804|15.572023|25.200821]
03:22:57.522,[0|10|20|30|40],[1|1|1|1|1],[3.052671|3.976071|6.210631|10.452795|20.027710]
03:22:57.623,[0|10|20|30|40],[1|1|1|1|1],[3.266008|5.196160|7.055116|9.359514|19.162369]
03:22:57.722,[0|10|20|30|40],[1|1|1|1|1],[3.555612|6.825438|7.732165|7.494938|16.420483]
03:22:57.842,[0|10|20|30|40],[1|1|1|1|1],[4.292251|8.833638|9.869552|8.479702|17.973255]
03:22:57.941,[0|10|20|30|40],[1|1|1|1|1],[5.010229|9.808916|9.438878|7.338238|12.911963]
03:22:58.027,[0|10|20|30|40],[1|1|1|1|1],[5.790196|11.536047|11.650669|8.547378|15.798020]
03:22:58.126,[0|10|20|30|40],[1|1|1|1|1],[6.724747|12.265977|10.939521|8.260012|15.875959]
03:22:58.224,[0|10|20|30|40],[1|1|1|1|1],[5.535069|7.985181|8.558714|7.237589|9.510994]
03:22:58.347,[0|10|20|30|40],[1|1|1|1|1],[6.195332|7.980242|8.540243|6.369817|11.764574]
03:22:58.427,[0|10|20|30|40],[1|1|1|1|1],[6.541242|9.935480|9.837156|7.385004|13.820601]
03:22:58.526,[0|10|20|30|40],[1|1|1|1|1],[4.303971|8.637592|10.160422|7.086611|14.107871]
03:22:58.624,[0|10|20|30|40],[1|1|1|1|1],[4.307778|7.649365|9.007704|5.528951|14.870310]
03:22:58.732,[0|10|20|30|40],[1|1|1|1|1],[3.015697|5.962363|9.716236|6.150806|17.267918]
03:22:58.836,[0|10|20|30|40],[1|1|1|1|1],[3.696144|6.826845|6.978714|7.483172|24.402164]
03:22:58.938,[0|10|20|30|40],[1|1|1|1|1],[3.589347|6.252512|6.540155|6.834543|25.131680]
03:22:59.034,[0|10|20|30|40],[1|1|1|1|1],[4.374975|8.050117|7.347560|8.232891|27.136539]
03:22:59.136,[0|10|20|30|40],[1|1|1|1|1],[3.827891|7.729178|4.655063|9.140658|30.446005]
03:22:59.235,[0|10|20|30|40],[1|1|1|1|1],[4.601291|7.460496|5.271232|13.061953|33.546616]
03:22:59.337,[0|10|20|30|40],[1|1|1|1|1],[4.921663|5.704403|-5.016601|-14.150214|-31.136917]
03:22:59.433,[0|10|20|30|40],[1|1|1|1|1],[5.907101|-6.090122|-6.984693|-14.719164|-32.433056]
03:22:59.512,[0|10|20|30|40],[1|1|1|1|1],[6.270573|-7.029218|-8.373374|-14.475763|-31.252598]
03:22:59.642,[0|10|20|30|40],[1|1|1|1|1],[6.994957|-7.407841|-7.791108|-14.334810|-30.864239]
03:22:59.724,[0|10|20|30|40],[1|1|1|1|1],[3.914088|-6.169990|-8.524388|-11.163974|-23.905849]
03:22:59.828,[0|10|20|30|40],[1|1|1|1|1],[-4.414764|-8.268124|-9.151829|-13.560367|-17.000914]
03:22:59.927,[0|10|20|30|40],[1|1|1|1|1],[-3.412673|-9.470045|-9.878630|-10.683036|-15.526986]
03:23:00.022,[0|10|20|30|40],[1|1|1|1|1],[-3.920314|-8.543772|-9.143633|-10.898125|-15.978193]
03:23:00.141,[0|10|20|30|40],[1|1|1|1|1],[-4.840897|-7.828152|-8.089810|-10.346341|-13.340044]
03:23:00.245,[0|10|20|30|40],[1|1|1|1|1],[4.799287|8.797845|8.943998|10.482895|10.348344]
03:23:00.323,[0|10|20|30|40],[1|1|1|1|1],[4.400873|6.613216|9.418917|10.403622|9.700155]
03:23:00.425,[0|10|20|30|40],[1|1|1|1|1],[3.703055|7.259369|9.672767|10.424161|12.736559]
03:23:00.529,[0|10|20|30|40],[1|1|1|1|1],[4.565591|9.457204|9.991628|9.356976|12.030864]
03:23:00.637,[0|10|20|30|40],[1|1|1|1|1],[3.934996|8.998034|8.510041|9.771120|13.729525]
03:23:00.735,[0|10|20|30|40],[1|1|1|1|1],[4.218146|7.404503|7.062263|7.184923|9.573936]
03:23:00.834,[0|10|20|30|40],[1|1|1|1|1],[5.214119|9.281066|8.857650|9.710539|12.152743]
03:23:00.935,[0|10|20|30|40],[1|1|1|1|1],[7.231462|9.268728|11.282862|10.994423|14.498830]
03:23:01.018,[0|10|20|30|40],[1|1|1|1|1],[5.518861|8.862451|8.200115|8.602142|17.271090]
03:23:01.127,[0|10|20|30|40],[1|1|1|1|1],[4.947734|9.008196|9.321367|12.071621|21.536207]
03:23:01.245,[0|10|20|30|40],[1|1|1|1|1],[6.022915|8.092567|8.393240|14.097381|24.890614]
03:23:01.344,[0|10|20|30|40],[1|1|1|1|1],[6.098690|10.129072|9.642768|11.848270|22.515656]
03:23:01.344,[0|10|20|30|40],[1|1|1|1|1],[4.671194|8.147162|9.642768|11.135876|17.335033]
03:23:01.526,[0|10|20|30|40],[1|1|1|1|1],[5.363586|11.976981|9.331870|12.063992|20.244957]
03:23:01.628,[0|10|20|30|40],[1|1|1|1|1],[4.845311|13.333954|10.986149|15.989912|21.838236]
03:23:01.727,[0|10|20|30|40],[1|1|1|1|1],[6.773428|9.711239|8.395302|15.018606|23.194622]
03:23:01.834,[0|10|20|30|40],[1|1|1|1|1],[6.786216|8.468798|8.153171|12.296522|22.466110]
03:23:01.935,[0|10|20|30|40],[1|1|1|1|1],[7.158499|10.256386|8.080000|9.464014|20.120739]
03:23:02.036,[0|10|20|30|40],[1|1|1|1|1],[6.192374|7.744122|5.571294|6.905425|14.582491]
03:23:02.135,[0|10|20|30|40],[1|1|1|1|1],[6.813158|7.846493|5.557400|8.187664|16.803574]
03:23:02.234,[0|10|20|30|40],[1|1|1|1|1],[4.684384|6.373692|5.435503|9.630513|21.358013]
03:23:02.332,[0|10|20|30|40],[1|1|1|1|1],[5.202499|7.638721|5.441117|11.256063|24.795485]
03:23:02.438,[0|10|20|30|40],[1|1|1|1|1],[4.969018|6.069145|5.502743|12.640297|23.074627]
03:23:02.517,[0|10|20|30|40],[1|1|1|1|1],[3.902106|3.569963|5.176854|11.793077|20.292997]
03:23:02.636,[0|10|20|30|40],[1|1|1|1|1],[4.560023|3.297195|6.362474|13.863134|21.770620]
03:23:02.712,[0|10|20|30|40],[1|1|1|1|1],[4.450973|2.866353|6.737316|10.571182|20.564747]
03:23:02.837,[0|10|20|30|40],[1|1|1|1|1],[2.755658|3.746757|7.502502|14.840889|24.348497]
03:23:02.938,[0|10|20|30|40],[1|1|1|1|1],[2.733031|5.727585|7.831425|15.144539|22.297882]
03:23:03.038,[0|10|20|30|40],[1|1|1|1|1],[2.846879|7.173643|8.535856|16.300941|16.225672]
03:23:03.137,[0|10|20|30|40],[1|1|1|1|1],[3.656138|7.868275|7.714290|12.601673|16.121244]
03:23:03.233,[0|10|20|30|40],[1|1|1|1|1],[3.409064|7.457143|9.003014|11.093473|13.864541]
03:23:03.334,[0|10|20|30|40],[1|1|1|1|1],[3.488136|7.159881|7.487392|9.205807|15.731144]
03:23:03.439,[0|10|20|30|40],[1|1|1|1|1],[4.458418|6.472238|7.065516|7.920527|14.325619]
03:23:03.538,[0|10|20|30|40],[1|1|1|1|1],[5.305335|6.310239|9.314281|10.899914|18.365170]
03:23:03.636,[0|10|20|30|40],[1|1|1|1|1],[-5.805302|-7.675457|8.721465|11.465466|20.560909]
03:23:03.738,[0|10|20|30|40],[1|1|1|1|1],[-5.044761|-5.699275|4.261369|6.046927|-14.362884]
03:23:03.838,[0|10|20|30|40],[1|1|1|1|1],[-4.113230|-4.679122|-5.178743|-6.182289|-14.219117]
03:23:03.934,[0|10|20|30|40],[1|1|1|1|1],[-4.828435|-5.343847|-5.471903|-5.673110|-11.140943]
03:23:04.032,[0|10|20|30|40],[1|1|1|1|1],[-4.380870|-5.714178|-5.557579|-6.050777|-14.661670]
03:23:04.138,[0|10|20|30|40],[1|1|1|1|1],[-3.467399|-6.568074|-6.907445|-8.425892|-19.561625]
03:23:04.236,[0|10|20|30|40],[1|1|1|1|1],[-4.660309|-6.361735|-5.362767|-8.218718|-20.647621]
03:23:04.335,[0|10|20|30|40],[1|1|1|1|1],[-5.582922|-5.460077|-5.546200|-7.219028|-18.046093]
03:23:04.437,[0|10|20|30|40],[1|1|1|1|1],[-3.649477|3.442886|5.832779|-7.855606|-19.287659]
03:23:04.538,[0|10|20|30|40],[1|1|1|1|1],[3.462608|4.457486|6.985003|7.167864|22.166084]
03:23:04.636,[0|10|20|30|40],[1|1|1|1|1],[3.284121|5.586645|6.798279|6.611192|19.881535]
03:23:04.731,[0|10|20|30|40],[1|1|1|1|1],[2.051517|5.306289|5.288810|9.650267|23.854446]
03:23:04.834,[0|10|20|30|40],[1|1|1|1|1],[1.211996|6.283209|5.850845|11.250126|24.952888]
03:23:04.935,[0|10|20|30|40],[1|1|1|1|1],[1.428764|6.791076|5.432725|9.682167|24.416542]
03:23:05.038,[0|10|20|30|40],[1|1|1|1|1],[1.636754|5.870584|5.076796|11.582315|28.452778]
03:23:05.135,[0|10|20|30|40],[1|1|1|1|1],[2.317780|5.829051|6.220031|14.061964|27.782940]
03:23:05.234,[0|10|20|30|40],[1|1|1|1|1],[3.255613|4.282174|6.191916|13.211107|26.610111]
03:23:05.336,[0|10|20|30|40],[1|1|1|1|1],[3.321099|4.115322|6.148106|12.592899|28.044106]
03:23:05.434,[0|10|20|30|40],[1|1|1|1|1],[1.938885|4.828706|7.281864|11.849106|27.385378]
03:23:05.536,[0|10|20|30|40],[1|1|1|1|1],[1.413870|4.657269|7.214671|11.753273|26.318527]
03:23:05.634,[0|10|20|30|40],[1|1|1|1|1],[1.602262|4.060173|6.181109|6.679189|21.509529]
03:23:05.733,[0|10|20|30|40],[1|1|1|1|1],[2.386016|4.707658|5.806446|9.125638|26.017452]
03:23:05.835,[0|10|20|30|40],[1|1|1|1|1],[3.064474|5.351432|5.311441|7.197666|21.907593]
03:23:05.934,[0|10|20|30|40],[1|1|1|1|1],[3.160661|4.464239|3.629869|7.999039|16.393639]
03:23:06.031,[0|10|20|30|40],[1|1|1|1|1],[3.917218|3.038293|4.174328|8.340263|17.987610]
03:23:06.131,[0|10|20|30|40],[1|1|1|1|1],[3.585783|2.940157|5.429745|9.055674|16.583420]
03:23:06.217,[0|10|20|30|40],[1|1|1|1|1],[2.569161|3.603327|4.980713|6.409109|15.152526]
03:23:06.314,[0|10|20|30|40],[1|1|1|1|1],[2.896511|3.505576|6.477225|4.973364|13.847351]
03:23:06.434,[0|10|20|30|40],[1|1|1|1|1],[3.668498|3.982139|8.086241|5.686653|12.748647]
03:23:06.533,[0|10|20|30|40],[1|1|1|1|1],[3.980145|5.611727|6.153381|4.983234|11.979890]
03:23:06.636,[0|10|20|30|40],[1|1|1|1|1],[3.826157|5.936193|5.070615|3.867364|9.247327]
03:23:06.737,[0|10|20|30|40],[1|1|1|1|1],[3.333613|8.425241|4.863513|4.091501|7.127595]
03:23:06.837,[0|10|20|30|40],[1|1|1|1|1],[3.857486|7.243073|3.629994|4.950082|5.744839]
03:23:06.939,[0|10|20|30|40],[1|1|1|1|1],[4.603755|7.493830|4.654747|-4.238129|4.411316]
03:23:07.035,[0|10|20|30|40],[1|1|1|1|1],[5.209188|7.132727|3.741026|-2.526295|5.436993]
03:23:07.135,[0|10|20|30|40],[1|1|1|1|1],[3.706108|6.685844|3.157055|1.539373|7.378960]
03:23:07.235,[0|10|20|30|40],[1|1|1|1|1],[4.499477|5.284488|2.996606|-2.688146|9.086323]
03:23:07.336,[0|10|20|30|40],[1|1|1|1|1],[4.449628|4.540131|2.518123|-3.175116|6.816268]
03:23:07.434,[0|10|20|30|40],[1|1|1|1|1],[4.817376|5.224779|1.888126|-2.664816|10.500121]
03:23:07.538,[0|10|20|30|40],[1|1|1|1|1],[4.096940|3.966245|2.056003|2.333319|13.092875]
03:23:07.636,[0|10|20|30|40],[1|1|1|1|1],[2.657235|3.169641|2.889663|3.717196|16.534828]
03:23:07.736,[0|10|20|30|40],[1|1|1|1|1],[3.045313|3.242561|2.810973|6.592798|21.854544]
03:23:07.835,[0|10|20|30|40],[1|1|1|1|1],[1.403514|3.078690|3.901124|9.156191|23.288822]
03:23:07.935,[0|10|20|30|40],[1|1|1|1|1],[1.711228|-3.685963|4.228705|10.698807|-27.075768]
03:23:08.038,[0|10|20|30|40],[1|1|1|1|1],[-3.404443|-4.799068|-5.564457|-13.117636|-33.012939]
03:23:08.135,[0|10|20|30|40],[1|1|1|1|1],[-3.346972|-5.045140|-7.277304|-18.499386|-36.071896]
03:23:08.236,[0|10|20|30|40],[1|1|1|1|1],[-3.120652|-6.694585|-10.425115|-20.958567|-37.256409]
03:23:08.338,[0|10|20|30|40],[1|1|1|1|1],[-2.288532|-6.026030|-8.379316|-18.554569|-31.268835]
03:23:08.435,[0|10|20|30|40],[1|1|1|1|1],[-2.514599|-7.091126|-10.627794|-19.057964|-28.217459]
03:23:08.533,[0|10|20|30|40],[1|1|1|1|1],[-2.948855|-6.732354|-9.043896|-17.513788|-22.710728]
03:23:08.634,[0|10|20|30|40],[1|1|1|1|1],[-3.892833|-6.361217|-6.878609|-13.805092|-18.682766]
03:23:08.737,[0|10|20|30|40],[1|1|1|1|1],[-3.241876|7.340114|-8.170832|-10.914362|-15.358925]
03:23:08.835,[0|10|20|30|40],[1|1|1|1|1],[3.699671|8.611104|9.445107|8.755040|14.367962]
03:23:08.934,[0|10|20|30|40],[1|1|1|1|1],[4.344931|7.461101|7.253867|6.548250|11.265159]
03:23:09.036,[0|10|20|30|40],[1|1|1|1|1],[4.995059|7.031664|3.797382|-2.896369|7.331538]
03:23:09.134,[0|10|20|30|40],[1|1|1|1|1],[4.800530|6.336904|2.955478|-3.167808|8.183217]
03:23:09.234,[0|10|20|30|40],[1|1|1|1|1],[5.388121|6.206885|2.960455|-3.450549|6.358671]
03:23:09.338,[0|10|20|30|40],[1|1|1|1|1],[4.771170|5.654374|-3.110856|-3.648281|3.633881]
03:23:09.435,[0|10|20|30|40],[1|1|1|1|1],[5.546122|6.552002|2.551609|-3.773534|5.636573]
03:23:09.538,[0|10|20|30|40],[1|1|1|1|1],[6.313048|5.404416|-2.729678|-3.476036|7.630515]
03:23:09.636,[0|10|20|30|40],[1|1|1|1|1],[4.856976|3.726524|2.476549|-2.382958|8.170176]
03:23:09.733,[0|10|20|30|40],[1|1|1|1|1],[3.922573|3.437176|-1.944935|2.733266|8.771992]
03:23:09.831,[0|10|20|30|40],[1|1|1|1|1],[5.078081|5.302644|1.260281|4.127169|9.358740]
03:23:09.915,[0|10|20|30|40],[1|1|1|1|1],[4.194673|4.231447|2.079111|3.894246|6.958532]
03:23:10.035,[0|10|20|30|40],[1|1|1|1|1],[4.686010|3.676036|2.852947|4.822290|9.506106]
03:23:10.135,[0|10|20|30|40],[1|1|1|1|1],[4.772065|2.524638|2.861953|5.369043|10.997272]
03:23:10.232,[0|10|20|30|40],[1|1|1|1|1],[4.955918|2.610391|2.834171|4.153955|5.377722]
03:23:10.332,[0|10|20|30|40],[1|1|1|1|1],[4.773100|2.598090|2.964246|4.098475|5.765462]
03:23:10.441,[0|10|20|30|40],[1|1|1|1|1],[4.486916|3.003669|2.670586|3.274429|5.065918]
03:23:10.541,[0|10|20|30|40],[1|1|1|1|1],[4.171412|3.021778|2.748841|-3.191364|5.263042]
03:23:10.632,[0|10|20|30|40],[1|1|1|1|1],[3.993826|3.556718|3.010601|-3.618646|5.341506]
03:23:10.736,[0|10|20|30|40],[1|1|1|1|1],[2.182588|3.234749|-2.386737|3.974056|5.342841]
03:23:10.818,[0|10|20|30|40],[1|1|1|1|1],[1.866910|3.202580|-2.365142|4.235089|5.260038]
03:23:10.934,[0|10|20|30|40],[1|1|1|1|1],[2.437411|2.864172|-2.279401|-3.642547|-3.757811]
03:23:11.037,[0|10|20|30|40],[1|1|1|1|1],[2.915031|3.676452|-2.637583|2.453005|4.632843]
03:23:11.134,[0|10|20|30|40],[1|1|1|1|1],[1.964380|3.157294|-3.289902|2.247238|4.823327]
03:23:11.236,[0|10|20|30|40],[1|1|1|1|1],[2.391905|2.246155|-3.690463|2.771378|5.152082]
03:23:11.334,[0|10|20|30|40],[1|1|1|1|1],[1.610830|2.049094|3.734297|3.365946|5.415857]
03:23:11.438,[0|10|20|30|40],[1|1|1|1|1],[1.853836|2.104545|3.700763|3.919184|5.701792]
03:23:11.534,[0|10|20|30|40],[1|1|1|1|1],[1.950160|2.025430|2.295649|4.376942|6.094718]
03:23:11.636,[0|10|20|30|40],[1|1|1|1|1],[1.732787|2.674647|2.336919|4.803759|6.393886]
03:23:11.732,[0|10|20|30|40],[1|1|1|1|1],[1.555796|2.827382|2.341962|4.948711|6.770825]
03:23:11.835,[0|10|20|30|40],[1|1|1|1|1],[1.603467|2.955618|-2.001464|-4.142266|-5.054331]
03:23:11.939,[0|10|20|30|40],[1|1|1|1|1],[1.940084|2.916353|-2.912608|-6.752574|-5.828917]
03:23:12.038,[0|10|20|30|40],[1|1|1|1|1],[2.240492|2.936660|-4.582789|-6.693202|-7.344699]
03:23:12.138,[0|10|20|30|40],[1|1|1|1|1],[2.032410|2.613760|-5.873415|-6.949788|-8.692301]
03:23:12.236,[0|10|20|30|40],[1|1|1|1|1],[1.980513|1.884802|-6.797349|4.964161|-10.034162]
03:23:12.334,[0|10|20|30|40],[1|1|1|1|1],[2.263290|0.966048|7.999760|4.953110|-11.229282]
03:23:12.434,[0|10|20|30|40],[1|1|1|1|1],[-1.820055|1.340625|6.068796|5.296183|-8.455157]
03:23:12.537,[0|10|20|30|40],[1|1|1|1|1],[-1.923262|1.890403|6.044623|2.913308|-8.002043]
03:23:12.636,[0|10|20|30|40],[1|1|1|1|1],[1.807999|2.644828|6.010306|3.654450|-4.261941]
03:23:12.734,[0|10|20|30|40],[1|1|1|1|1],[0.971348|3.335916|4.604644|4.128039|-4.388070]
03:23:12.838,[0|10|20|30|40],[1|1|1|1|1],[0.937611|-2.180247|4.157197|3.606516|-3.866625]
03:23:12.939,[0|10|20|30|40],[1|1|1|1|1],[0.510696|-2.395284|4.254788|3.583285|-6.483621]
03:23:13.034,[0|10|20|30|40],[1|1|1|1|1],[0.873985|2.448955|4.244311|2.866569|6.351548]
03:23:13.133,[0|10|20|30|40],[1|1|1|1|1],[1.317332|3.120535|-3.793894|3.443214|6.191006]
03:23:13.235,[0|10|20|30|40],[1|1|1|1|1],[1.737976|2.694814|-3.411427|4.219714|5.635935]
03:23:13.335,[0|10|20|30|40],[1|1|1|1|1],[2.129076|2.624136|1.992017|5.113071|5.347380]
03:23:13.434,[0|10|20|30|40],[1|1|1|1|1],[2.130247|2.756400|1.971027|5.832087|4.575920]
03:23:13.533,[0|10|20|30|40],[1|1|1|1|1],[1.775150|2.737261|2.205720|6.332922|4.101408]
03:23:13.634,[0|10|20|30|40],[1|1|1|1|1],[1.819775|2.621180|-2.957597|5.637002|-3.843019]
03:23:13.738,[0|10|20|30|40],[1|1|1|1|1],[2.012751|-1.891686|-4.306846|-3.415614|-6.412756]
03:23:13.838,[0|10|20|30|40],[1|1|1|1|1],[1.731085|-2.148106|-4.777209|-4.591504|-7.776606]
03:23:13.938,[0|10|20|30|40],[1|1|1|1|1],[-0.954702|-2.423911|-6.251804|-4.956743|-8.546880]
03:23:14.033,[0|10|20|30|40],[1|1|1|1|1],[-1.134495|-2.678186|-7.738024|-6.742872|-7.496333]
03:23:14.138,[0|10|20|30|40],[1|1|1|1|1],[-1.285247|-3.389384|-7.069676|-6.316984|-7.169694]
03:23:14.235,[0|10|20|30|40],[1|1|1|1|1],[-1.498124|-3.781106|-6.880562|-6.315996|-6.808537]
03:23:14.335,[0|10|20|30|40],[1|1|1|1|1],[-1.766855|-4.450898|-6.688910|-5.329136|-6.689379]
03:23:14.436,[0|10|20|30|40],[1|1|1|1|1],[-2.118038|-5.154749|-6.190914|-3.828533|-6.054097]
03:23:14.536,[0|10|20|30|40],[1|1|1|1|1],[-0.746446|-3.505564|-5.351015|-4.423694|-5.282614]
03:23:14.633,[0|10|20|30|40],[1|1|1|1|1],[-0.636867|-2.915642|-4.178514|4.794759|5.930626]
03:23:14.738,[0|10|20|30|40],[1|1|1|1|1],[0.812171|-2.553003|-2.863300|5.745607|5.951643]
03:23:14.834,[0|10|20|30|40],[1|1|1|1|1],[1.016184|2.530557|2.074575|5.898209|5.145452]
03:23:14.938,[0|10|20|30|40],[1|1|1|1|1],[1.579998|2.960276|2.165708|6.209788|5.179149]
03:23:15.037,[0|10|20|30|40],[1|1|1|1|1],[1.491481|2.484855|2.241582|3.630704|-4.143402]
03:23:15.137,[0|10|20|30|40],[1|1|1|1|1],[1.673024|2.433132|-3.455196|3.053248|-6.007525]
03:23:15.234,[0|10|20|30|40],[1|1|1|1|1],[1.435830|2.420531|-3.972634|-5.132182|-6.558436]
03:23:15.335,[0|10|20|30|40],[1|1|1|1|1],[1.705854|2.371309|-4.893299|-5.485679|-6.952718]
03:23:15.438,[0|10|20|30|40],[1|1|1|1|1],[0.994759|-1.548555|-6.377616|-5.510689|-6.671638]
03:23:15.532,[0|10|20|30|40],[1|1|1|1|1],[0.830555|-2.167542|-6.822005|-6.909128|-8.121800]
03:23:15.635,[0|10|20|30|40],[1|1|1|1|1],[1.002362|-3.022130|-7.344533|-6.900704|-6.880388]
03:23:15.734,[0|10|20|30|40],[1|1|1|1|1],[1.069105|-3.902225|-8.775018|-7.690427|-6.066209]
03:23:15.833,[0|10|20|30|40],[1|1|1|1|1],[-0.935644|-2.494858|-6.721762|-4.381609|-5.366173]
03:23:15.933,[0|10|20|30|40],[1|1|1|1|1],[-1.083634|-3.068493|-6.650336|-3.030230|-7.760495]
03:23:16.032,[0|10|20|30|40],[1|1|1|1|1],[1.278951|-2.893831|-6.304085|-2.984117|-7.752338]
03:23:16.132,[0|10|20|30|40],[1|1|1|1|1],[1.486522|-2.018266|-4.004118|-3.713724|-7.385099]
03:23:16.239,[0|10|20|30|40],[1|1|1|1|1],[1.563066|-2.016128|-3.159637|-3.371017|-5.607569]
03:23:16.333,[0|10|20|30|40],[1|1|1|1|1],[1.554805|1.773981|-2.725104|-4.206525|-6.889576]
03:23:16.439,[0|10|20|30|40],[1|1|1|1|1],[-1.563028|-2.309091|-2.144068|5.320954|8.281788]
03:23:16.538,[0|10|20|30|40],[1|1|1|1|1],[-1.834730|-2.326277|-2.160904|5.912467|9.052431]
03:23:16.637,[0|10|20|30|40],[1|1|1|1|1],[-2.008456|2.316650|3.254688|4.557398|9.578741]
03:23:16.737,[0|10|20|30|40],[1|1|1|1|1],[-2.034440|2.640244|3.183604|5.090979|9.865067]
03:23:16.834,[0|10|20|30|40],[1|1|1|1|1],[-1.783446|-2.435559|3.360664|3.766494|6.983385]
03:23:16.938,[0|10|20|30|40],[1|1|1|1|1],[-1.555070|-2.469249|3.472830|4.928418|7.722738]
