timestamp,distances,validty,bias
03:22:30.063,[0|10|20|30|40],[1|1|1|1|1],[-2.699615|3.261651|6.312892|4.381436|4.070139]
03:22:30.162,[0|10|20|30|40],[1|1|1|1|1],[-3.140770|3.818440|6.127927|5.758345|5.223322]
03:22:30.262,[0|10|20|30|40],[1|1|1|1|1],[-2.722836|4.285645|5.160851|5.558610|4.855680]
03:22:30.364,[0|10|20|30|40],[1|1|1|1|1],[2.591883|4.255534|5.083158|5.880886|4.697037]
03:22:30.476,[0|10|20|30|40],[1|1|1|1|1],[2.294723|4.378689|5.835304|7.233179|3.625154]
03:22:30.555,[0|10|20|30|40],[1|1|1|1|1],[-1.557955|4.520016|6.773770|8.993387|3.538454]
03:22:30.651,[0|10|20|30|40],[1|1|1|1|1],[1.923397|5.345185|7.125443|8.777338|2.899516]
03:22:30.755,[0|10|20|30|40],[1|1|1|1|1],[1.990545|4.584662|6.520000|7.599545|2.642500]
03:22:30.858,[0|10|20|30|40],[1|1|1|1|1],[1.764889|3.690485|8.362892|6.141758|2.347612]
03:22:30.956,[0|10|20|30|40],[1|1|1|1|1],[1.786293|3.384643|9.936434|5.362833|2.391505]
03:22:31.053,[0|10|20|30|40],[1|1|1|1|1],[1.856240|4.005743|7.611024|2.439570|1.894283]
03:22:31.158,[0|10|20|30|40],[1|1|1|1|1],[1.473472|4.467358|7.641766|2.835882|1.439071]
03:22:31.273,[0|10|20|30|40],[1|1|1|1|1],[-0.528871|3.644621|5.492401|3.004754|-1.877236]
03:22:31.352,[0|10|20|30|40],[1|1|1|1|1],[-0.476432|3.138834|3.673315|3.089428|5.203104]
03:22:31.458,[0|10|20|30|40],[1|1|1|1|1],[-0.734420|2.830549|2.545136|3.130567|5.009174]
03:22:31.574,[0|10|20|30|40],[1|1|1|1|1],[-1.504625|3.098387|2.611637|3.920555|4.667449]
03:22:31.658,[0|10|20|30|40],[1|1|1|1|1],[-1.675547|1.222508|2.854627|4.355848|4.483128]
03:22:31.758,[0|10|20|30|40],[1|1|1|1|1],[-2.086458|1.514044|3.178868|4.805136|4.290962]
03:22:31.855,[0|10|20|30|40],[1|1|1|1|1],[-1.903823|-0.455208|3.336585|5.113065|4.096198]
03:22:31.954,[0|10|20|30|40],[1|1|1|1|1],[-0.877798|0.668377|3.375039|5.184090|4.147983]
03:22:32.056,[0|10|20|30|40],[1|1|1|1|1],[0.731835|1.333513|3.167492|5.121684|5.765319]
03:22:32.156,[0|10|20|30|40],[1|1|1|1|1],[0.651322|2.029210|3.597769|4.799652|6.199348]
03:22:32.254,[0|10|20|30|40],[1|1|1|1|1],[0.505583|2.086988|3.179079|5.196154|5.367804]
03:22:32.352,[0|10|20|30|40],[1|1|1|1|1],[0.313630|2.432121|3.625038|5.399299|5.704844]
03:22:32.474,[0|10|20|30|40],[1|1|1|1|1],[0.452282|2.718913|4.014283|6.269979|8.532608]
03:22:32.563,[0|10|20|30|40],[1|1|1|1|1],[-0.692223|2.778689|4.198575|7.041621|8.656013]
03:22:32.668,[0|10|20|30|40],[1|1|1|1|1],[1.080585|3.912271|4.322234|7.980752|8.071243]
03:22:32.767,[0|10|20|30|40],[1|1|1|1|1],[-1.342376|3.139366|2.759430|8.207024|8.362854]
03:22:32.864,[0|10|20|30|40],[1|1|1|1|1],[-1.490138|4.203053|4.332322|5.482841|9.214460]
03:22:32.966,[0|10|20|30|40],[1|1|1|1|1],[-1.466250|4.519179|4.536957|4.279852|10.659099]
03:22:33.065,[0|10|20|30|40],[1|1|1|1|1],[-1.485044|4.977892|5.626244|4.268909|10.642397]
03:22:33.161,[0|10|20|30|40],[1|1|1|1|1],[1.907061|5.725972|3.950649|5.661643|11.847949]
03:22:33.264,[0|10|20|30|40],[1|1|1|1|1],[2.645387|5.465777|4.082179|6.799173|11.756516]
03:22:33.364,[0|10|20|30|40],[1|1|1|1|1],[2.034999|3.996129|2.601397|5.978358|10.502899]
03:22:33.465,[0|10|20|30|40],[1|1|1|1|1],[2.245647|4.449135|2.988821|6.558108|10.504925]
03:22:33.567,[0|10|20|30|40],[1|1|1|1|1],[-2.135625|-4.556753|2.729821|5.768430|-7.422161]
03:22:33.664,[0|10|20|30|40],[1|1|1|1|1],[-2.720078|-3.531858|3.098798|5.733824|-5.913186]
03:22:33.764,[0|10|20|30|40],[1|1|1|1|1],[-2.498251|-4.079600|3.065801|-6.173289|-3.332901]
03:22:33.868,[0|10|20|30|40],[1|1|1|1|1],[-2.911098|-4.497919|4.016418|-4.757226|-3.494942]
03:22:33.968,[0|10|20|30|40],[1|1|1|1|1],[-2.525204|-4.894458|4.581952|-4.166996|-3.952992]
03:22:34.046,[0|10|20|30|40],[1|1|1|1|1],[-2.875358|-4.538575|1.578671|-3.246129|-4.123759]
03:22:34.163,[0|10|20|30|40],[1|1|1|1|1],[-3.651721|-4.296198|2.859583|-3.184247|-5.119276]
03:22:34.261,[0|10|20|30|40],[1|1|1|1|1],[-2.900191|-3.926584|2.788052|-3.263068|-6.298351]
03:22:34.365,[0|10|20|30|40],[1|1|1|1|1],[-3.598874|2.862059|-2.627394|-3.568530|-5.369663]
03:22:34.463,[0|10|20|30|40],[1|1|1|1|1],[3.805817|2.576461|-2.641541|3.452229|5.090415]
03:22:34.564,[0|10|20|30|40],[1|1|1|1|1],[3.704924|3.590238|4.569969|5.734098|4.638350]
03:22:34.662,[0|10|20|30|40],[1|1|1|1|1],[3.246485|3.933799|3.955171|6.074524|4.203331]
03:22:34.763,[0|10|20|30|40],[1|1|1|1|1],[2.517163|4.375597|3.954348|6.038165|4.111671]
03:22:34.866,[0|10|20|30|40],[1|1|1|1|1],[2.301833|2.706542|4.156220|3.143013|3.991032]
03:22:34.966,[0|10|20|30|40],[1|1|1|1|1],[2.267740|2.917416|4.345208|2.395976|3.813159]
03:22:35.066,[0|10|20|30|40],[1|1|1|1|1],[1.785187|3.146397|2.860043|2.483416|-6.069791]
03:22:35.162,[0|10|20|30|40],[1|1|1|1|1],[1.899546|4.223201|3.369135|-2.167380|-6.939733]
03:22:35.264,[0|10|20|30|40],[1|1|1|1|1],[2.058890|4.930160|3.257117|-3.281713|-9.160447]
03:22:35.364,[0|10|20|30|40],[1|1|1|1|1],[1.631784|4.421268|3.100219|-4.103088|-12.436401]
03:22:35.462,[0|10|20|30|40],[1|1|1|1|1],[1.391075|3.402962|2.903694|-2.912217|-12.756622]
03:22:35.563,[0|10|20|30|40],[1|1|1|1|1],[1.780848|4.337761|2.664816|-4.355449|-14.364576]
03:22:35.664,[0|10|20|30|40],[1|1|1|1|1],[-2.569059|4.622312|2.050886|-5.301595|-10.557878]
03:22:35.764,[0|10|20|30|40],[1|1|1|1|1],[-3.462335|4.220671|2.036670|-5.375189|-11.311781]
03:22:35.865,[0|10|20|30|40],[1|1|1|1|1],[-3.242285|4.335462|1.725730|-5.517596|-9.405863]
03:22:35.962,[0|10|20|30|40],[1|1|1|1|1],[-3.082913|3.595812|1.761928|-4.679406|-11.667395]
03:22:36.061,[0|10|20|30|40],[1|1|1|1|1],[-3.016601|2.591018|1.729733|-5.119473|-9.151590]
03:22:36.162,[0|10|20|30|40],[1|1|1|1|1],[-2.993907|2.681299|1.556078|-3.436226|-7.822704]
03:22:36.264,[0|10|20|30|40],[1|1|1|1|1],[-2.922638|2.636839|2.166608|3.729850|6.656504]
03:22:36.366,[0|10|20|30|40],[1|1|1|1|1],[-2.731794|3.261585|1.881579|-4.202867|6.840241]
03:22:36.464,[0|10|20|30|40],[1|1|1|1|1],[-2.418674|3.589324|-1.816198|-5.066854|6.872380]
03:22:36.567,[0|10|20|30|40],[1|1|1|1|1],[1.759840|2.679966|-2.006343|-5.637068|6.776571]
03:22:36.664,[0|10|20|30|40],[1|1|1|1|1],[-1.590065|2.698839|3.339595|7.077092|6.550324]
03:22:36.764,[0|10|20|30|40],[1|1|1|1|1],[-1.534655|2.410739|4.093554|7.257027|6.599438]
03:22:36.866,[0|10|20|30|40],[1|1|1|1|1],[-1.519440|1.940449|5.759156|8.219946|7.059908]
03:22:36.962,[0|10|20|30|40],[1|1|1|1|1],[1.818512|2.110056|6.423472|7.541018|8.800798]
03:22:37.067,[0|10|20|30|40],[1|1|1|1|1],[-1.470541|2.862486|6.150514|3.973913|7.894897]
03:22:37.163,[0|10|20|30|40],[1|1|1|1|1],[1.242578|-3.572302|6.093526|3.239363|8.693528]
03:22:37.266,[0|10|20|30|40],[1|1|1|1|1],[1.328651|-4.635243|5.830744|4.562998|9.372014]
03:22:37.365,[0|10|20|30|40],[1|1|1|1|1],[1.258101|-5.332073|5.458610|4.900768|9.682327]
03:22:37.462,[0|10|20|30|40],[1|1|1|1|1],[1.373576|-5.629215|4.497209|6.277829|9.838963]
03:22:37.565,[0|10|20|30|40],[1|1|1|1|1],[1.896049|-5.440415|4.252531|3.931069|8.243334]
03:22:37.661,[0|10|20|30|40],[1|1|1|1|1],[2.639474|-4.981187|4.492748|4.528832|8.857656]
03:22:37.766,[0|10|20|30|40],[1|1|1|1|1],[4.813081|4.549976|3.861785|3.385174|6.714439]
03:22:37.855,[0|10|20|30|40],[1|1|1|1|1],[5.317505|3.908372|3.066434|-2.207083|-4.513097]
03:22:37.976,[0|10|20|30|40],[1|1|1|1|1],[6.199418|3.486676|2.585202|-2.317053|-5.343139]
03:22:38.054,[0|10|20|30|40],[1|1|1|1|1],[-6.933138|-5.588893|-3.401075|2.242249|-5.414808]
03:22:38.152,[0|10|20|30|40],[1|1|1|1|1],[-7.237637|-4.317332|-2.769981|3.534061|5.499732]
03:22:38.254,[0|10|20|30|40],[1|1|1|1|1],[-4.142399|-4.335898|-3.000578|4.155189|5.085301]
03:22:38.352,[0|10|20|30|40],[1|1|1|1|1],[-3.313339|-3.319537|3.696899|5.917984|5.531693]
03:22:38.473,[0|10|20|30|40],[1|1|1|1|1],[4.464784|-3.360568|4.286188|6.022519|6.541908]
03:22:38.573,[0|10|20|30|40],[1|1|1|1|1],[4.381654|3.204792|4.285182|5.840671|6.198716]
03:22:38.658,[0|10|20|30|40],[1|1|1|1|1],[4.190980|4.611061|5.281790|8.246136|11.240292]
03:22:38.768,[0|10|20|30|40],[1|1|1|1|1],[4.040868|4.956471|6.094925|8.349478|12.411797]
03:22:38.864,[0|10|20|30|40],[1|1|1|1|1],[4.017470|5.153050|6.709240|8.597326|13.064289]
03:22:38.965,[0|10|20|30|40],[1|1|1|1|1],[2.958378|4.764567|7.986657|9.066981|13.428569]
03:22:39.062,[0|10|20|30|40],[1|1|1|1|1],[3.226829|5.823094|8.154261|9.644264|13.564480]
03:22:39.146,[0|10|20|30|40],[1|1|1|1|1],[2.246695|4.469100|6.971551|8.425361|11.052990]
03:22:39.264,[0|10|20|30|40],[1|1|1|1|1],[2.106571|3.455845|3.804299|8.063465|11.160469]
03:22:39.364,[0|10|20|30|40],[1|1|1|1|1],[1.896160|3.620776|4.059507|6.816196|10.203493]
03:22:39.463,[0|10|20|30|40],[1|1|1|1|1],[2.298156|4.639587|3.481781|7.391047|9.597111]
03:22:39.566,[0|10|20|30|40],[1|1|1|1|1],[2.995203|3.105878|2.425057|-2.699059|-4.837561]
03:22:39.666,[0|10|20|30|40],[1|1|1|1|1],[3.590443|3.288266|2.711037|-2.936542|-5.172050]
03:22:39.768,[0|10|20|30|40],[1|1|1|1|1],[3.319264|4.240390|2.136877|-3.000504|5.505490]
03:22:39.861,[0|10|20|30|40],[1|1|1|1|1],[3.182875|3.943098|2.102026|3.118443|5.825353]
03:22:39.965,[0|10|20|30|40],[1|1|1|1|1],[3.718196|3.601328|2.430749|-2.737212|5.266082]
03:22:40.064,[0|10|20|30|40],[1|1|1|1|1],[3.616813|3.460244|3.359073|2.898723|6.590521]
03:22:40.167,[0|10|20|30|40],[1|1|1|1|1],[3.303488|3.568065|3.384769|2.285475|7.254720]
03:22:40.264,[0|10|20|30|40],[1|1|1|1|1],[3.538940|3.695284|3.348842|3.330809|7.049239]
03:22:40.366,[0|10|20|30|40],[1|1|1|1|1],[2.038774|2.671113|3.227577|5.490536|8.505333]
03:22:40.463,[0|10|20|30|40],[1|1|1|1|1],[2.083550|3.080340|3.723374|6.285268|9.860253]
03:22:40.562,[0|10|20|30|40],[1|1|1|1|1],[1.546099|3.518071|3.168192|6.644267|10.271692]
03:22:40.664,[0|10|20|30|40],[1|1|1|1|1],[1.226721|3.011697|2.649352|8.119988|13.287926]
03:22:42.273,[0|10|20|30|40],[1|1|1|1|1],[0.636678|-3.728998|-5.884048|-5.339324|-7.331920]
03:22:42.374,[0|10|20|30|40],[1|1|1|1|1],[0.908869|-4.354856|-5.173898|-5.937576|-7.412577]
03:22:42.478,[0|10|20|30|40],[1|1|1|1|1],[1.253754|-5.437790|-6.492922|-7.117093|-8.849549]
03:22:42.556,[0|10|20|30|40],[1|1|1|1|1],[1.513852|-5.677231|-5.192461|-7.397187|-9.804988]
03:22:42.678,[0|10|20|30|40],[1|1|1|1|1],[-2.213406|-5.488478|-5.559307|-9.822136|-10.122228]
03:22:42.756,[0|10|20|30|40],[1|1|1|1|1],[-1.798216|-5.362079|-6.178257|-7.293224|-10.185946]
03:22:42.871,[0|10|20|30|40],[1|1|1|1|1],[-1.629244|-6.939926|-6.318027|-7.224774|-10.468567]
03:22:42.956,[0|10|20|30|40],[1|1|1|1|1],[-0.756723|-5.641426|-5.363694|6.537962|9.742236]
03:22:43.056,[0|10|20|30|40],[1|1|1|1|1],[1.084633|6.184557|4.967994|7.354837|9.876478]
03:22:43.158,[0|10|20|30|40],[1|1|1|1|1],[1.256610|5.616035|4.728243|6.580454|9.167707]
03:22:43.276,[0|10|20|30|40],[1|1|1|1|1],[1.724142|5.509947|5.171484|7.194650|11.794996]
03:22:43.375,[0|10|20|30|40],[1|1|1|1|1],[-1.427758|4.750381|3.758690|6.995952|8.804107]
03:22:43.473,[0|10|20|30|40],[1|1|1|1|1],[1.639046|4.837590|2.734837|6.943125|10.593760]
03:22:43.573,[0|10|20|30|40],[1|1|1|1|1],[1.344269|6.128348|7.397705|8.355749|11.597956]
03:22:43.674,[0|10|20|30|40],[1|1|1|1|1],[-1.154180|7.019346|7.316983|10.794842|12.033283]
03:22:43.771,[0|10|20|30|40],[1|1|1|1|1],[-1.548630|7.775185|7.265768|7.929355|10.940099]
03:22:43.855,[0|10|20|30|40],[1|1|1|1|1],[2.129739|8.122881|7.559478|9.261399|13.478732]
03:22:43.958,[0|10|20|30|40],[1|1|1|1|1],[3.272441|8.483752|9.181312|10.493392|16.403126]
03:22:44.055,[0|10|20|30|40],[1|1|1|1|1],[4.435049|8.877040|9.727630|9.061307|13.260722]
03:22:44.152,[0|10|20|30|40],[1|1|1|1|1],[3.717683|8.064827|7.255426|7.420439|12.305964]
03:22:44.272,[0|10|20|30|40],[1|1|1|1|1],[4.534538|8.329601|8.086324|10.915833|14.158976]
03:22:44.373,[0|10|20|30|40],[1|1|1|1|1],[5.212255|8.260449|6.906268|11.996240|13.936806]
03:22:44.472,[0|10|20|30|40],[1|1|1|1|1],[-4.307820|4.578111|7.086334|10.117376|12.979471]
03:22:44.574,[0|10|20|30|40],[1|1|1|1|1],[-4.080562|5.216526|7.260734|9.672159|11.624348]
03:22:44.676,[0|10|20|30|40],[1|1|1|1|1],[3.962185|7.241938|7.580881|9.813887|10.268044]
03:22:44.756,[0|10|20|30|40],[1|1|1|1|1],[3.846756|5.095687|5.679262|8.920074|11.365342]
03:22:44.873,[0|10|20|30|40],[1|1|1|1|1],[3.466243|4.382743|6.330588|7.112432|9.731234]
03:22:44.974,[0|10|20|30|40],[1|1|1|1|1],[-4.390835|5.181380|6.548506|8.556700|12.597931]
03:22:45.058,[0|10|20|30|40],[1|1|1|1|1],[-4.361352|5.374484|6.008199|7.295137|8.497572]
03:22:45.178,[0|10|20|30|40],[1|1|1|1|1],[-3.709080|3.692564|2.800632|5.586248|6.948400]
03:22:45.257,[0|10|20|30|40],[1|1|1|1|1],[-3.439274|2.964835|3.554499|5.874848|10.460556]
03:22:45.357,[0|10|20|30|40],[1|1|1|1|1],[-2.749538|3.350848|6.270906|6.306458|10.654402]
03:22:45.458,[0|10|20|30|40],[1|1|1|1|1],[-2.355408|3.892881|5.514863|7.218003|12.181484]
03:22:45.572,[0|10|20|30|40],[1|1|1|1|1],[-2.054148|5.838545|5.816546|9.147299|12.283266]
03:22:45.676,[0|10|20|30|40],[1|1|1|1|1],[2.042319|4.817977|6.531528|11.928439|13.977313]
03:22:45.778,[0|10|20|30|40],[1|1|1|1|1],[2.173144|5.394032|6.894107|13.021773|14.751970]
03:22:45.853,[0|10|20|30|40],[1|1|1|1|1],[2.264145|5.234689|5.740955|10.115284|12.883890]
03:22:45.953,[0|10|20|30|40],[1|1|1|1|1],[2.458350|5.749192|5.848509|10.724306|13.791466]
03:22:46.052,[0|10|20|30|40],[1|1|1|1|1],[2.260651|5.717131|7.333520|10.325659|13.124228]
03:22:46.158,[0|10|20|30|40],[1|1|1|1|1],[2.152375|6.811504|7.507545|10.042745|14.109838]
03:22:46.254,[0|10|20|30|40],[1|1|1|1|1],[2.273224|5.013686|7.124829|9.065544|11.173618]
03:22:46.372,[0|10|20|30|40],[1|1|1|1|1],[2.506781|5.801672|4.670146|9.835016|-10.724508]
03:22:46.452,[0|10|20|30|40],[1|1|1|1|1],[1.546337|5.221386|-4.426270|10.243368|-11.513519]
03:22:46.558,[0|10|20|30|40],[1|1|1|1|1],[1.269393|-4.432576|-4.971459|8.777195|-12.270904]
03:22:46.673,[0|10|20|30|40],[1|1|1|1|1],[1.843894|-4.602324|-4.928031|-7.958144|-13.867701]
03:22:46.773,[0|10|20|30|40],[1|1|1|1|1],[1.631814|-4.576641|-5.256999|-8.750284|-14.755547]
03:22:46.875,[0|10|20|30|40],[1|1|1|1|1],[2.091399|-4.022253|-6.208670|-10.376394|-14.050734]
03:22:46.975,[0|10|20|30|40],[1|1|1|1|1],[1.162791|-3.658657|-6.361046|-9.842718|-11.502516]
03:22:47.055,[0|10|20|30|40],[1|1|1|1|1],[1.159566|-4.053909|-5.266685|-7.341516|-11.773682]
03:22:47.173,[0|10|20|30|40],[1|1|1|1|1],[-1.499923|-4.938290|-6.197065|-11.432141|-14.650118]
03:22:47.278,[0|10|20|30|40],[1|1|1|1|1],[-1.709674|4.088885|6.691620|9.467262|15.519821]
03:22:47.357,[0|10|20|30|40],[1|1|1|1|1],[-2.104335|3.084331|6.859252|8.783621|15.471268]
03:22:47.456,[0|10|20|30|40],[1|1|1|1|1],[-2.099524|4.130514|8.189315|8.360129|14.686918]
03:22:47.552,[0|10|20|30|40],[1|1|1|1|1],[-1.731336|4.592428|6.582558|8.251458|15.149891]
03:22:47.652,[0|10|20|30|40],[1|1|1|1|1],[1.729024|5.202295|5.833852|10.346341|17.017984]
03:22:47.772,[0|10|20|30|40],[1|1|1|1|1],[-1.204769|4.898640|4.869122|10.100460|18.552803]
03:22:47.872,[0|10|20|30|40],[1|1|1|1|1],[1.266932|4.943267|6.445229|11.643296|17.803692]
03:22:47.972,[0|10|20|30|40],[1|1|1|1|1],[2.064891|5.911590|8.190158|12.163323|16.249466]
03:22:48.074,[0|10|20|30|40],[1|1|1|1|1],[2.325424|3.391010|7.356301|11.775768|20.956743]
03:22:48.160,[0|10|20|30|40],[1|1|1|1|1],[2.081427|3.942068|6.215814|9.703380|17.366863]
03:22:48.255,[0|10|20|30|40],[1|1|1|1|1],[-1.511551|4.819371|6.649881|12.487054|17.732906]
03:22:48.357,[0|10|20|30|40],[1|1|1|1|1],[-1.550383|4.533771|7.521924|13.226425|18.692839]
03:22:48.452,[0|10|20|30|40],[1|1|1|1|1],[1.826491|5.863045|8.549726|14.944738|20.573032]
03:22:48.556,[0|10|20|30|40],[1|1|1|1|1],[2.308853|6.768513|8.422041|13.467979|20.310760]
03:22:48.658,[0|10|20|30|40],[1|1|1|1|1],[2.922378|7.238173|8.769861|13.268399|21.905327]
03:22:48.753,[0|10|20|30|40],[1|1|1|1|1],[3.073470|5.718470|9.351087|14.131891|23.372746]
03:22:48.852,[0|10|20|30|40],[1|1|1|1|1],[1.959670|6.709930|12.295398|16.377068|22.454977]
03:22:48.958,[0|10|20|30|40],[1|1|1|1|1],[2.346087|5.913443|10.314285|14.033055|21.349548]
03:22:49.059,[0|10|20|30|40],[1|1|1|1|1],[2.454977|6.571600|10.387588|15.958333|24.605656]
03:22:49.153,[0|10|20|30|40],[1|1|1|1|1],[2.460894|6.061146|9.385878|15.204084|25.482655]
03:22:49.257,[0|10|20|30|40],[1|1|1|1|1],[2.692828|7.390788|9.897047|14.541507|23.527264]
03:22:49.357,[0|10|20|30|40],[1|1|1|1|1],[2.898191|8.525485|8.728086|12.843275|25.191044]
03:22:49.458,[0|10|20|30|40],[1|1|1|1|1],[2.027416|6.952420|7.266974|11.882377|19.722485]
03:22:49.555,[0|10|20|30|40],[1|1|1|1|1],[2.890252|7.246867|6.683278|11.674154|19.610523]
03:22:49.657,[0|10|20|30|40],[1|1|1|1|1],[3.486741|6.859055|4.642433|8.109915|17.446804]
03:22:49.758,[0|10|20|30|40],[1|1|1|1|1],[3.048353|5.320230|4.676562|9.366310|14.644194]
03:22:49.858,[0|10|20|30|40],[1|1|1|1|1],[3.937094|5.204201|4.943580|8.720493|13.421869]
03:22:49.976,[0|10|20|30|40],[1|1|1|1|1],[3.066270|3.421152|3.421420|5.267465|12.389517]
03:22:50.072,[0|10|20|30|40],[1|1|1|1|1],[3.388165|3.344622|3.334486|5.527520|12.627387]
03:22:50.178,[0|10|20|30|40],[1|1|1|1|1],[-2.670519|3.788724|2.734888|4.069638|12.457156]
03:22:50.258,[0|10|20|30|40],[1|1|1|1|1],[-2.611522|2.567309|2.066398|3.531265|9.873843]
03:22:50.356,[0|10|20|30|40],[1|1|1|1|1],[1.855098|2.324760|1.890051|4.942858|12.733150]
03:22:50.456,[0|10|20|30|40],[1|1|1|1|1],[1.857544|2.762395|1.873744|6.595778|14.943767]
03:22:50.557,[0|10|20|30|40],[1|1|1|1|1],[2.080013|3.004542|1.958072|8.163548|16.595387]
03:22:50.657,[0|10|20|30|40],[1|1|1|1|1],[2.267020|2.895927|4.117661|9.065747|16.539215]
03:22:50.752,[0|10|20|30|40],[1|1|1|1|1],[-1.127982|2.788132|4.996008|9.855103|14.671612]
03:22:50.856,[0|10|20|30|40],[1|1|1|1|1],[-1.343407|2.408707|3.083861|7.447064|-14.890671]
03:22:50.973,[0|10|20|30|40],[1|1|1|1|1],[2.225497|-2.229506|-4.323393|-8.239722|-13.006616]
03:22:51.074,[0|10|20|30|40],[1|1|1|1|1],[-2.897437|-4.361153|-4.729700|-7.923186|-13.054895]
03:22:51.172,[0|10|20|30|40],[1|1|1|1|1],[2.448013|-3.988674|-4.631477|-8.054029|-13.399339]
03:22:51.275,[0|10|20|30|40],[1|1|1|1|1],[2.844124|-5.719071|-4.799384|-7.508326|-12.283039]
03:22:51.374,[0|10|20|30|40],[1|1|1|1|1],[3.109129|-5.890801|4.996657|-6.719530|-10.368323]
03:22:51.455,[0|10|20|30|40],[1|1|1|1|1],[3.453100|-5.857640|-6.299925|-9.298897|-12.684894]
03:22:51.558,[0|10|20|30|40],[1|1|1|1|1],[3.864430|4.837150|7.031226|10.158623|16.781212]
03:22:51.655,[0|10|20|30|40],[1|1|1|1|1],[4.145232|7.074440|8.815879|13.769114|21.521759]
03:22:51.754,[0|10|20|30|40],[1|1|1|1|1],[4.263815|7.257599|6.884652|9.724188|18.785715]
03:22:51.857,[0|10|20|30|40],[1|1|1|1|1],[3.012542|5.843243|8.411360|11.123693|19.342279]
03:22:51.973,[0|10|20|30|40],[1|1|1|1|1],[2.882824|5.986219|8.532536|12.571979|18.609858]
03:22:52.058,[0|10|20|30|40],[1|1|1|1|1],[3.176291|6.618205|7.587874|11.771345|18.372940]
03:22:52.174,[0|10|20|30|40],[1|1|1|1|1],[3.936688|7.338947|10.328043|14.135408|18.560171]
03:22:52.272,[0|10|20|30|40],[1|1|1|1|1],[4.383396|8.115628|11.361176|13.675547|16.318798]
03:22:52.366,[0|10|20|30|40],[1|1|1|1|1],[2.673833|6.649560|11.140287|12.060678|15.507030]
03:22:52.462,[0|10|20|30|40],[1|1|1|1|1],[2.979836|7.444766|9.378660|6.431890|10.260057]
03:22:52.566,[0|10|20|30|40],[1|1|1|1|1],[2.313165|6.352204|6.960196|6.716502|10.457253]
03:22:52.664,[0|10|20|30|40],[1|1|1|1|1],[2.948746|6.120080|6.700259|7.810926|14.646411]
03:22:52.767,[0|10|20|30|40],[1|1|1|1|1],[2.170193|5.627328|5.734354|6.237602|10.407734]
03:22:52.863,[0|10|20|30|40],[1|1|1|1|1],[2.944416|6.113839|5.930990|5.745029|9.931493]
03:22:52.965,[0|10|20|30|40],[1|1|1|1|1],[2.939951|5.653033|3.006381|6.238306|11.267090]
03:22:53.061,[0|10|20|30|40],[1|1|1|1|1],[2.513096|2.853701|2.982712|7.450926|11.334729]
03:22:53.149,[0|10|20|30|40],[1|1|1|1|1],[1.924057|2.371976|3.169155|7.926321|14.571095]
03:22:53.258,[0|10|20|30|40],[1|1|1|1|1],[0.927158|1.927793|4.704630|8.138180|14.555573]
03:22:53.372,[0|10|20|30|40],[1|1|1|1|1],[1.202823|4.648939|5.462277|9.827984|17.548870]
03:22:53.452,[0|10|20|30|40],[1|1|1|1|1],[1.382157|5.240088|6.525988|12.981749|20.105124]
03:22:53.564,[0|10|20|30|40],[1|1|1|1|1],[1.893414|5.774078|6.018299|10.666143|19.235348]
03:22:53.665,[0|10|20|30|40],[1|1|1|1|1],[2.641720|6.067750|8.131706|14.091766|20.995331]
03:22:53.764,[0|10|20|30|40],[1|1|1|1|1],[2.294795|5.169296|10.472452|15.091562|21.887661]
03:22:53.865,[0|10|20|30|40],[1|1|1|1|1],[3.021155|5.834251|8.891165|14.855337|25.159954]
03:22:53.962,[0|10|20|30|40],[1|1|1|1|1],[3.354347|5.785894|9.813160|17.792189|26.138163]
03:22:54.071,[0|10|20|30|40],[1|1|1|1|1],[4.989950|7.384287|8.193338|15.505039|24.943947]
03:22:54.167,[0|10|20|30|40],[1|1|1|1|1],[4.436499|6.996273|8.064514|17.246675|28.305412]
03:22:54.264,[0|10|20|30|40],[1|1|1|1|1],[3.185722|7.209903|7.896608|16.140198|26.183510]
03:22:54.363,[0|10|20|30|40],[1|1|1|1|1],[2.575230|4.602538|5.119914|10.946072|22.046661]
03:22:54.466,[0|10|20|30|40],[1|1|1|1|1],[2.932364|6.991152|7.942069|12.103629|19.047689]
03:22:54.564,[0|10|20|30|40],[1|1|1|1|1],[3.180388|4.603542|8.467460|13.885546|16.252064]
03:22:54.664,[0|10|20|30|40],[1|1|1|1|1],[2.394512|4.220770|8.783447|12.675810|13.927436]
03:22:54.762,[0|10|20|30|40],[1|1|1|1|1],[4.071192|5.076657|8.545458|12.228203|14.497352]
03:22:54.862,[0|10|20|30|40],[1|1|1|1|1],[3.934050|5.815609|7.566404|13.144005|17.334484]
03:22:54.964,[0|10|20|30|40],[1|1|1|1|1],[3.667082|-6.486517|-8.419901|-12.134445|-17.207645]
03:22:55.067,[0|10|20|30|40],[1|1|1|1|1],[3.745449|-6.658093|-8.749390|-10.612679|-14.491630]
03:22:55.167,[0|10|20|30|40],[1|1|1|1|1],[4.146059|-7.548451|-9.181994|-12.420834|-17.023350]
03:22:55.262,[0|10|20|30|40],[1|1|1|1|1],[-4.555622|-8.101693|-9.887499|-13.338720|-18.700075]
03:22:55.366,[0|10|20|30|40],[1|1|1|1|1],[-1.724560|-7.672226|-11.381560|-12.627947|-18.304205]
03:22:55.461,[0|10|20|30|40],[1|1|1|1|1],[-2.380907|-7.439578|-13.027114|-16.231192|-20.350624]
03:22:55.564,[0|10|20|30|40],[1|1|1|1|1],[-3.112745|-7.900223|-12.910503|-14.026129|-20.412994]
03:22:55.666,[0|10|20|30|40],[1|1|1|1|1],[-3.649585|-7.827163|-11.255753|-11.704779|-22.953367]
03:22:55.764,[0|10|20|30|40],[1|1|1|1|1],[-3.474551|-7.558596|-8.185739|-12.273526|-22.003317]
03:22:55.865,[0|10|20|30|40],[1|1|1|1|1],[3.518819|9.345060|7.994616|12.832748|21.156168]
03:22:55.967,[0|10|20|30|40],[1|1|1|1|1],[4.068161|8.989796|8.343613|13.951445|20.788074]
03:22:56.063,[0|10|20|30|40],[1|1|1|1|1],[4.425674|8.548093|8.321828|13.702404|20.507931]
03:22:56.166,[0|10|20|30|40],[1|1|1|1|1],[6.641099|8.964610|10.861624|17.335260|26.096201]
03:22:56.263,[0|10|20|30|40],[1|1|1|1|1],[4.965818|7.406294|10.932255|16.822184|25.001549]
03:22:56.365,[0|10|20|30|40],[1|1|1|1|1],[5.087122|8.215422|10.037851|15.554678|27.275776]
03:22:56.467,[0|10|20|30|40],[1|1|1|1|1],[6.061508|10.937775|12.596255|17.904425|30.490898]
03:22:56.566,[0|10|20|30|40],[1|1|1|1|1],[6.392006|9.205291|10.809690|15.347183|27.905798]
03:22:56.663,[0|10|20|30|40],[1|1|1|1|1],[7.337530|10.481027|12.754804|17.341827|28.638744]
03:22:56.764,[0|10|20|30|40],[1|1|1|1|1],[5.679694|8.883476|10.633230|17.433083|28.275347]
03:22:56.868,[0|10|20|30|40],[1|1|1|1|1],[6.567186|8.519986|9.818924|16.991055|29.114033]
03:22:56.964,[0|10|20|30|40],[1|1|1|1|1],[7.285982|10.137656|11.354244|17.736839|27.699518]
03:22:57.065,[0|10|20|30|40],[1|1|1|1|1],[5.360590|8.215764|9.450656|16.094280|26.187252]
03:22:57.163,[0|10|20|30|40],[1|1|1|1|1],[6.083873|10.564138|14.703691|19.119762|27.801466]
03:22:57.264,[0|10|20|30|40],[1|1|1|1|1],[6.134805|10.212144|13.006163|14.518774|24.425793]
03:22:57.363,[0|10|20|30|40],[1|1|1|1|1],[6.530610|9.546602|12.305504|15.570175|27.527023]
03:22:57.464,[0|10|20|30|40],[1|1|1|1|1],[7.110256|10.340082|12.035608|16.724443|29.697847]
03:22:57.562,[0|10|20|30|40],[1|1|1|1|1],[4.429208|7.107970|9.922618|14.523077|27.628113]
03:22:57.666,[0|10|20|30|40],[1|1|1|1|1],[4.670964|7.497942|8.080542|15.533840|29.045273]
03:22:57.765,[0|10|20|30|40],[1|1|1|1|1],[4.202746|7.881248|9.567470|17.792629|28.985523]
03:22:57.861,[0|10|20|30|40],[1|1|1|1|1],[3.873756|11.506031|12.558657|17.891193|29.595448]
03:22:57.963,[0|10|20|30|40],[1|1|1|1|1],[6.713408|14.435419|14.291263|21.008348|32.282211]
03:22:58.068,[0|10|20|30|40],[1|1|1|1|1],[4.767130|10.462090|11.946911|20.120298|31.683159]
03:22:58.165,[0|10|20|30|40],[1|1|1|1|1],[5.578025|11.112320|12.930578|17.391609|26.791525]
03:22:58.263,[0|10|20|30|40],[1|1|1|1|1],[6.541170|11.446908|11.150705|14.551091|19.337416]
03:22:58.368,[0|10|20|30|40],[1|1|1|1|1],[7.742900|11.793402|10.306907|15.271926|17.025566]
03:22:58.447,[0|10|20|30|40],[1|1|1|1|1],[9.009064|13.736495|11.398417|12.361443|20.010996]
03:22:58.564,[0|10|20|30|40],[1|1|1|1|1],[9.655948|12.328974|10.107207|12.826073|18.083168]
03:22:58.666,[0|10|20|30|40],[1|1|1|1|1],[9.602381|11.565057|9.405554|13.422764|17.963648]
03:22:58.752,[0|10|20|30|40],[1|1|1|1|1],[5.818906|12.445289|13.127411|13.866127|22.493435]
03:22:58.855,[0|10|20|30|40],[1|1|1|1|1],[4.773444|11.529702|10.752047|14.124036|25.348425]
03:22:58.956,[0|10|20|30|40],[1|1|1|1|1],[5.535380|10.643688|9.998405|14.389790|25.604225]
03:22:59.074,[0|10|20|30|40],[1|1|1|1|1],[6.004320|11.114478|10.868979|17.804956|26.563740]
03:22:59.174,[0|10|20|30|40],[1|1|1|1|1],[4.889330|12.089854|15.040702|20.265139|31.281971]
03:22:59.274,[0|10|20|30|40],[1|1|1|1|1],[-5.240919|10.882422|12.020588|-18.839777|-28.121948]
03:22:59.355,[0|10|20|30|40],[1|1|1|1|1],[-5.338681|10.989746|11.164379|-16.898214|-29.541969]
03:22:59.453,[0|10|20|30|40],[1|1|1|1|1],[-6.958896|11.185080|-9.981310|-22.439337|-29.737259]
03:22:59.562,[0|10|20|30|40],[1|1|1|1|1],[-6.344471|-7.947558|-10.970592|-22.480165|-29.967522]
03:22:59.667,[0|10|20|30|40],[1|1|1|1|1],[-4.656219|-8.570206|-13.648915|-22.137011|-34.022545]
03:22:59.762,[0|10|20|30|40],[1|1|1|1|1],[-4.671939|-8.900171|-11.052549|-19.782793|-29.345108]
03:22:59.866,[0|10|20|30|40],[1|1|1|1|1],[-4.565327|-8.751723|-13.489789|-20.723343|-23.995495]
03:22:59.964,[0|10|20|30|40],[1|1|1|1|1],[-5.398635|-8.726642|-13.509160|-18.925846|-24.039602]
03:23:00.068,[0|10|20|30|40],[1|1|1|1|1],[4.746123|9.006294|-12.148285|-15.690327|19.663643]
03:23:00.167,[0|10|20|30|40],[1|1|1|1|1],[5.743232|11.734351|12.769806|19.048416|24.626017]
03:23:00.264,[0|10|20|30|40],[1|1|1|1|1],[6.451140|12.769309|14.728313|17.044998|19.198204]
03:23:00.362,[0|10|20|30|40],[1|1|1|1|1],[5.662562|12.934804|14.871478|15.653170|18.531036]
03:23:00.464,[0|10|20|30|40],[1|1|1|1|1],[6.145453|13.823358|14.668804|16.674805|18.726540]
03:23:00.561,[0|10|20|30|40],[1|1|1|1|1],[5.547592|11.458024|12.364167|12.818682|17.815041]
03:23:00.655,[0|10|20|30|40],[1|1|1|1|1],[4.897326|10.411167|11.113983|13.745558|15.524769]
03:23:00.755,[0|10|20|30|40],[1|1|1|1|1],[5.472432|9.506345|11.211366|11.578667|16.554022]
03:23:00.856,[0|10|20|30|40],[1|1|1|1|1],[6.028701|9.325391|11.996871|13.555586|17.519331]
03:23:00.955,[0|10|20|30|40],[1|1|1|1|1],[6.636658|9.740734|12.632054|14.016140|18.119717]
03:23:01.064,[0|10|20|30|40],[1|1|1|1|1],[5.289552|11.077897|12.824011|17.338444|25.486946]
03:23:01.167,[0|10|20|30|40],[1|1|1|1|1],[3.969379|9.979200|13.416076|15.069878|22.416328]
03:23:01.265,[0|10|20|30|40],[1|1|1|1|1],[4.082105|9.420908|13.620770|16.643215|25.076984]
03:23:01.363,[0|10|20|30|40],[1|1|1|1|1],[4.868689|9.485078|13.633466|14.692593|24.938465]
03:23:01.462,[0|10|20|30|40],[1|1|1|1|1],[4.267955|10.356623|13.909549|15.677320|28.738140]
03:23:01.561,[0|10|20|30|40],[1|1|1|1|1],[5.105736|10.483451|14.069759|16.070675|30.863953]
03:23:01.664,[0|10|20|30|40],[1|1|1|1|1],[4.599125|11.792898|14.486462|19.389175|30.362368]
03:23:01.752,[0|10|20|30|40],[1|1|1|1|1],[5.034926|7.145967|13.626755|22.269762|39.881470]
03:23:01.852,[0|10|20|30|40],[1|1|1|1|1],[5.492414|10.155864|14.984322|22.556364|40.746761]
03:23:01.958,[0|10|20|30|40],[1|1|1|1|1],[4.773824|9.574145|12.639999|21.887386|37.259411]
03:23:02.058,[0|10|20|30|40],[1|1|1|1|1],[6.590487|9.869120|13.546902|25.063229|35.664654]
03:23:02.152,[0|10|20|30|40],[1|1|1|1|1],[7.358316|6.667439|13.591516|22.293926|32.123756]
03:23:02.258,[0|10|20|30|40],[1|1|1|1|1],[6.918295|9.575966|17.355633|21.983862|32.704853]
03:23:02.372,[0|10|20|30|40],[1|1|1|1|1],[7.313848|10.152509|15.411377|20.420778|29.714108]
03:23:02.459,[0|10|20|30|40],[1|1|1|1|1],[7.337178|11.250631|13.155931|16.765356|24.409866]
03:23:02.558,[0|10|20|30|40],[1|1|1|1|1],[6.357237|11.019899|10.945410|16.629910|20.112133]
03:23:02.657,[0|10|20|30|40],[1|1|1|1|1],[4.550679|9.186159|8.465904|10.888028|19.535233]
03:23:02.753,[0|10|20|30|40],[1|1|1|1|1],[4.359051|8.259418|8.492840|12.277281|20.358324]
03:23:02.856,[0|10|20|30|40],[1|1|1|1|1],[3.657301|5.947307|7.172280|7.262886|16.822552]
03:23:02.957,[0|10|20|30|40],[1|1|1|1|1],[4.118646|6.485598|7.130867|9.717905|13.762140]
03:23:03.055,[0|10|20|30|40],[1|1|1|1|1],[3.660393|8.177507|8.060843|9.657502|13.582778]
03:23:03.158,[0|10|20|30|40],[1|1|1|1|1],[1.844640|7.290351|9.317684|10.117149|11.984348]
03:23:03.258,[0|10|20|30|40],[1|1|1|1|1],[2.477859|7.620430|9.529215|8.504510|13.806367]
03:23:03.353,[0|10|20|30|40],[1|1|1|1|1],[3.875685|8.825075|8.204198|7.032001|13.354707]
03:23:03.451,[0|10|20|30|40],[1|1|1|1|1],[4.771887|7.853490|5.872363|6.323814|12.271285]
03:23:03.555,[0|10|20|30|40],[1|1|1|1|1],[-4.485589|-8.035131|-5.105937|6.930757|13.072824]
03:23:03.655,[0|10|20|30|40],[1|1|1|1|1],[-5.307476|-8.257225|-6.887567|8.386766|-15.520668]
03:23:03.756,[0|10|20|30|40],[1|1|1|1|1],[-4.238989|-6.072354|-5.820447|-6.930542|-13.721776]
03:23:03.875,[0|10|20|30|40],[1|1|1|1|1],[-4.612211|-6.544199|-8.582086|-10.892260|-16.485523]
03:23:03.953,[0|10|20|30|40],[1|1|1|1|1],[-2.915922|-7.047007|-10.313141|-12.338901|-15.138769]
03:23:04.073,[0|10|20|30|40],[1|1|1|1|1],[-3.526954|-6.434378|-8.679331|-10.241449|-17.747044]
03:23:04.157,[0|10|20|30|40],[1|1|1|1|1],[-3.228162|-7.519916|-10.215580|-9.067095|-16.625071]
03:23:04.255,[0|10|20|30|40],[1|1|1|1|1],[-3.673704|-8.430433|-9.929466|-8.800173|-16.719866]
03:23:04.354,[0|10|20|30|40],[1|1|1|1|1],[-3.270441|8.894285|8.299881|-8.556819|-16.396641]
03:23:04.451,[0|10|20|30|40],[1|1|1|1|1],[3.456447|10.033980|9.061134|9.038091|15.626860]
03:23:04.554,[0|10|20|30|40],[1|1|1|1|1],[2.662922|8.909339|7.959378|8.929455|14.809847]
03:23:04.654,[0|10|20|30|40],[1|1|1|1|1],[3.553559|8.419022|7.082736|10.450399|18.573833]
03:23:04.757,[0|10|20|30|40],[1|1|1|1|1],[2.593234|5.961332|6.983483|10.882926|20.967484]
03:23:04.874,[0|10|20|30|40],[1|1|1|1|1],[2.309614|5.095082|8.077359|15.512586|24.560642]
03:23:04.974,[0|10|20|30|40],[1|1|1|1|1],[2.436589|7.434240|8.793634|13.123024|22.649288]
03:23:05.057,[0|10|20|30|40],[1|1|1|1|1],[1.462322|6.234324|7.045412|11.705446|23.300911]
03:23:05.154,[0|10|20|30|40],[1|1|1|1|1],[1.735368|6.670782|7.708359|12.779749|19.582510]
03:23:05.253,[0|10|20|30|40],[1|1|1|1|1],[2.054238|7.269768|8.959418|16.229355|23.897076]
03:23:05.351,[0|10|20|30|40],[1|1|1|1|1],[2.701159|8.171442|9.287286|16.077126|26.369953]
03:23:05.454,[0|10|20|30|40],[1|1|1|1|1],[3.357631|9.626253|11.695576|16.911007|29.414486]
03:23:05.556,[0|10|20|30|40],[1|1|1|1|1],[3.900205|7.547501|12.085795|16.971100|31.813717]
03:23:05.653,[0|10|20|30|40],[1|1|1|1|1],[2.689393|7.790804|10.567999|15.900219|31.115580]
03:23:05.754,[0|10|20|30|40],[1|1|1|1|1],[3.387993|6.507166|10.924602|14.146006|24.178410]
03:23:05.855,[0|10|20|30|40],[1|1|1|1|1],[3.519064|9.021189|14.297258|17.881466|25.364542]
03:23:05.973,[0|10|20|30|40],[1|1|1|1|1],[5.246696|8.861230|12.099653|18.198812|25.038219]
03:23:06.053,[0|10|20|30|40],[1|1|1|1|1],[5.162224|8.505879|14.042955|19.940174|27.289032]
03:23:06.171,[0|10|20|30|40],[1|1|1|1|1],[5.171715|7.938102|12.736046|15.681040|23.173809]
03:23:06.274,[0|10|20|30|40],[1|1|1|1|1],[6.056293|9.145310|14.125204|14.824009|17.735863]
03:23:06.356,[0|10|20|30|40],[1|1|1|1|1],[2.951669|9.006384|15.124917|13.241625|17.336201]
03:23:06.474,[0|10|20|30|40],[1|1|1|1|1],[3.456020|8.297435|11.139738|12.335407|14.509368]
03:23:06.553,[0|10|20|30|40],[1|1|1|1|1],[3.948396|9.012967|9.733480|12.778700|14.891267]
03:23:06.659,[0|10|20|30|40],[1|1|1|1|1],[3.668384|11.349546|11.091799|13.647259|15.802383]
03:23:06.752,[0|10|20|30|40],[1|1|1|1|1],[1.835830|8.117661|7.937348|8.908534|13.774014]
03:23:06.854,[0|10|20|30|40],[1|1|1|1|1],[2.504112|8.426851|11.089969|9.036422|12.297130]
03:23:06.956,[0|10|20|30|40],[1|1|1|1|1],[3.051507|9.067404|10.043818|7.537377|14.200282]
03:23:07.059,[0|10|20|30|40],[1|1|1|1|1],[3.135530|7.743594|7.818305|5.615926|11.396790]
03:23:07.155,[0|10|20|30|40],[1|1|1|1|1],[2.394244|8.383018|7.039732|6.699312|10.273290]
03:23:07.255,[0|10|20|30|40],[1|1|1|1|1],[2.819572|9.016672|6.843638|9.398067|12.676024]
03:23:07.374,[0|10|20|30|40],[1|1|1|1|1],[3.964812|7.219669|8.538651|9.868932|13.039088]
03:23:07.472,[0|10|20|30|40],[1|1|1|1|1],[4.739796|6.917193|8.703780|8.876144|16.398262]
03:23:07.561,[0|10|20|30|40],[1|1|1|1|1],[3.965214|6.665847|7.167327|7.497609|14.634037]
03:23:07.654,[0|10|20|30|40],[1|1|1|1|1],[5.765535|7.451811|7.344103|9.655106|18.942810]
03:23:07.755,[0|10|20|30|40],[1|1|1|1|1],[4.489951|6.250829|8.123344|10.864532|22.812366]
03:23:07.853,[0|10|20|30|40],[1|1|1|1|1],[-4.768522|-5.378029|-7.122201|-13.475776|24.180794]
03:23:07.953,[0|10|20|30|40],[1|1|1|1|1],[4.679284|-6.615660|-9.031129|-16.792656|-26.360559]
03:23:08.052,[0|10|20|30|40],[1|1|1|1|1],[3.913097|-6.486443|-10.984254|-20.057224|-30.672073]
03:23:08.155,[0|10|20|30|40],[1|1|1|1|1],[-2.781740|-6.076330|-9.282941|-18.220543|-26.501560]
03:23:08.256,[0|10|20|30|40],[1|1|1|1|1],[-2.236983|-5.373946|-9.246069|-16.449213|-26.066948]
03:23:08.357,[0|10|20|30|40],[1|1|1|1|1],[-2.918757|-5.958423|-9.105253|-12.837672|-21.202969]
03:23:08.474,[0|10|20|30|40],[1|1|1|1|1],[-3.405721|-6.553909|-10.087729|-11.242044|-15.822315]
03:23:08.556,[0|10|20|30|40],[1|1|1|1|1],[-2.419846|-7.020804|-8.741736|-10.235548|-16.848421]
03:23:08.676,[0|10|20|30|40],[1|1|1|1|1],[-2.920362|-7.032990|-8.250916|11.004293|17.904068]
03:23:08.757,[0|10|20|30|40],[1|1|1|1|1],[2.602728|7.716910|7.979596|11.857343|18.635345]
03:23:08.853,[0|10|20|30|40],[1|1|1|1|1],[2.439644|5.983546|5.336851|5.530310|12.211037]
03:23:08.958,[0|10|20|30|40],[1|1|1|1|1],[2.625026|6.266761|5.470574|7.625318|13.293505]
03:23:09.056,[0|10|20|30|40],[1|1|1|1|1],[2.734602|6.887360|6.210333|9.497536|13.518739]
03:23:09.154,[0|10|20|30|40],[1|1|1|1|1],[3.233118|7.005285|6.501079|7.462525|13.470936]
03:23:09.253,[0|10|20|30|40],[1|1|1|1|1],[3.684780|7.417743|7.595759|9.001101|15.764093]
03:23:09.357,[0|10|20|30|40],[1|1|1|1|1],[4.346210|6.969561|7.323039|9.441555|15.066123]
03:23:09.456,[0|10|20|30|40],[1|1|1|1|1],[4.054488|5.821586|5.999857|8.080042|14.334631]
03:23:09.556,[0|10|20|30|40],[1|1|1|1|1],[5.716083|8.907628|8.938826|13.204515|19.275261]
03:23:09.674,[0|10|20|30|40],[1|1|1|1|1],[5.307491|9.244421|9.813446|15.074635|20.244957]
03:23:09.752,[0|10|20|30|40],[1|1|1|1|1],[5.841936|10.237461|9.628820|14.904022|20.042728]
03:23:09.875,[0|10|20|30|40],[1|1|1|1|1],[5.223757|8.476618|6.966269|11.421431|14.904165]
03:23:09.953,[0|10|20|30|40],[1|1|1|1|1],[4.666173|7.597136|9.555447|11.304438|12.905073]
03:23:10.074,[0|10|20|30|40],[1|1|1|1|1],[4.516016|9.711631|11.391616|12.693954|17.775558]
03:23:10.154,[0|10|20|30|40],[1|1|1|1|1],[5.069986|9.896639|10.632265|11.987019|15.257812]
03:23:10.258,[0|10|20|30|40],[1|1|1|1|1],[5.655723|10.790915|11.486236|15.366244|17.535233]
03:23:10.353,[0|10|20|30|40],[1|1|1|1|1],[6.332283|12.258692|11.910316|16.064203|17.616295]
03:23:10.454,[0|10|20|30|40],[1|1|1|1|1],[2.835222|8.107440|6.249863|12.149787|14.020443]
03:23:10.552,[0|10|20|30|40],[1|1|1|1|1],[3.167262|8.279437|6.425655|13.155985|13.734722]
03:23:10.652,[0|10|20|30|40],[1|1|1|1|1],[3.559836|9.065810|9.737789|13.747776|15.186048]
03:23:10.758,[0|10|20|30|40],[1|1|1|1|1],[3.722703|8.718907|11.881023|12.887871|16.275728]
03:23:10.873,[0|10|20|30|40],[1|1|1|1|1],[3.672417|8.567141|13.221767|14.571118|17.576290]
03:23:10.956,[0|10|20|30|40],[1|1|1|1|1],[2.204240|7.026461|9.517604|10.383433|10.564470]
03:23:11.074,[0|10|20|30|40],[1|1|1|1|1],[2.645653|9.058229|9.124613|11.514717|13.586950]
03:23:11.177,[0|10|20|30|40],[1|1|1|1|1],[3.122029|8.252810|9.268749|11.849297|16.934633]
03:23:11.251,[0|10|20|30|40],[1|1|1|1|1],[3.532869|8.612960|10.895136|12.167316|17.287720]
03:23:11.355,[0|10|20|30|40],[1|1|1|1|1],[4.285661|9.203307|9.795910|12.800044|17.705929]
03:23:11.458,[0|10|20|30|40],[1|1|1|1|1],[4.665074|9.800227|10.501278|14.104104|17.862534]
03:23:11.553,[0|10|20|30|40],[1|1|1|1|1],[3.578717|7.789609|9.281522|10.261446|12.479162]
03:23:11.659,[0|10|20|30|40],[1|1|1|1|1],[2.250801|6.361244|6.823855|6.666523|11.674917]
03:23:11.755,[0|10|20|30|40],[1|1|1|1|1],[2.048541|5.261946|5.447719|8.141506|9.700966]
03:23:11.854,[0|10|20|30|40],[1|1|1|1|1],[2.294969|4.995008|6.520605|9.542507|11.271393]
03:23:11.972,[0|10|20|30|40],[1|1|1|1|1],[1.804795|3.830552|5.326504|8.190661|10.839790]
03:23:12.072,[0|10|20|30|40],[1|1|1|1|1],[-1.421071|4.892340|6.832772|8.150948|12.294930]
03:23:12.156,[0|10|20|30|40],[1|1|1|1|1],[1.588621|4.372572|6.806636|8.574322|12.804281]
03:23:12.274,[0|10|20|30|40],[1|1|1|1|1],[1.861076|5.131458|-7.654590|-8.735758|-17.158722]
03:23:12.372,[0|10|20|30|40],[1|1|1|1|1],[-2.435630|4.039823|-8.200491|-11.598730|-17.872459]
03:23:12.454,[0|10|20|30|40],[1|1|1|1|1],[-2.570453|4.200016|-6.787078|-11.147243|-17.273235]
03:23:12.558,[0|10|20|30|40],[1|1|1|1|1],[-1.587678|-4.650101|-7.714978|-10.440689|-17.643463]
03:23:12.673,[0|10|20|30|40],[1|1|1|1|1],[-2.473461|-4.436221|-8.977166|-13.028577|-19.176275]
03:23:12.753,[0|10|20|30|40],[1|1|1|1|1],[-2.155343|-3.561866|-6.818392|-9.751369|-15.740088]
03:23:12.856,[0|10|20|30|40],[1|1|1|1|1],[-1.645351|-3.069644|5.955379|-8.632106|-13.534260]
03:23:12.958,[0|10|20|30|40],[1|1|1|1|1],[0.826601|3.583409|5.918740|9.398516|12.952339]
03:23:13.056,[0|10|20|30|40],[1|1|1|1|1],[1.028736|4.514579|6.056049|10.130532|13.274802]
03:23:13.174,[0|10|20|30|40],[1|1|1|1|1],[2.760803|5.469147|5.211159|7.265320|12.557103]
03:23:13.273,[0|10|20|30|40],[1|1|1|1|1],[3.346527|4.416181|3.005063|5.175201|10.866714]
03:23:13.373,[0|10|20|30|40],[1|1|1|1|1],[3.908682|5.020818|4.870930|6.430429|11.540398]
03:23:13.474,[0|10|20|30|40],[1|1|1|1|1],[3.206978|3.737698|6.171296|8.055182|11.076936]
03:23:13.572,[0|10|20|30|40],[1|1|1|1|1],[3.144776|4.291392|6.434276|6.474684|10.614633]
03:23:13.654,[0|10|20|30|40],[1|1|1|1|1],[3.073138|4.745370|6.307451|6.883522|11.114344]
03:23:13.756,[0|10|20|30|40],[1|1|1|1|1],[2.814074|5.392080|4.975552|5.537635|8.700583]
03:23:13.857,[0|10|20|30|40],[1|1|1|1|1],[2.267840|5.036273|5.014432|6.646249|9.647432]
03:23:13.952,[0|10|20|30|40],[1|1|1|1|1],[1.716003|5.379609|5.855347|7.362829|10.966990]
03:23:14.052,[0|10|20|30|40],[1|1|1|1|1],[1.446872|5.994110|5.064200|4.121162|9.444596]
03:23:14.158,[0|10|20|30|40],[1|1|1|1|1],[2.124908|6.579463|4.758757|6.403013|10.244836]
03:23:14.254,[0|10|20|30|40],[1|1|1|1|1],[1.885171|4.648052|5.058117|7.954626|11.017138]
03:23:14.356,[0|10|20|30|40],[1|1|1|1|1],[2.104847|3.054188|5.461957|7.752709|10.875085]
03:23:14.452,[0|10|20|30|40],[1|1|1|1|1],[2.378936|2.351233|6.030832|7.898250|10.782370]
03:23:14.574,[0|10|20|30|40],[1|1|1|1|1],[2.665958|2.988051|6.792275|8.166367|12.086290]
03:23:14.672,[0|10|20|30|40],[1|1|1|1|1],[2.433178|3.157187|5.738340|6.796145|9.854039]
03:23:14.777,[0|10|20|30|40],[1|1|1|1|1],[2.482251|4.535340|5.057784|7.161661|10.692879]
03:23:14.874,[0|10|20|30|40],[1|1|1|1|1],[2.439094|4.234793|5.052964|7.739948|9.063522]
03:23:14.958,[0|10|20|30|40],[1|1|1|1|1],[1.580185|4.854873|5.078266|9.501886|9.136738]
03:23:15.060,[0|10|20|30|40],[1|1|1|1|1],[1.829997|4.110392|3.879654|7.211365|5.962560]
03:23:15.157,[0|10|20|30|40],[1|1|1|1|1],[2.197999|3.119055|4.341272|6.507484|3.538181]
03:23:15.257,[0|10|20|30|40],[1|1|1|1|1],[2.598433|2.920715|3.907716|5.378423|2.938873]
03:23:15.373,[0|10|20|30|40],[1|1|1|1|1],[2.664664|3.245995|4.292218|4.750412|3.299293]
03:23:15.472,[0|10|20|30|40],[1|1|1|1|1],[2.717570|3.341182|4.685973|4.347238|3.835803]
03:23:15.551,[0|10|20|30|40],[1|1|1|1|1],[2.879280|3.502698|4.808826|4.494598|2.174923]
03:23:15.657,[0|10|20|30|40],[1|1|1|1|1],[1.076724|3.684274|3.981905|4.780956|2.016058]
03:23:15.773,[0|10|20|30|40],[1|1|1|1|1],[1.308995|2.918453|2.787600|3.224942|-1.994118]
03:23:15.874,[0|10|20|30|40],[1|1|1|1|1],[0.980112|3.621093|1.859735|3.115492|-1.823327]
03:23:15.973,[0|10|20|30|40],[1|1|1|1|1],[1.787399|3.197718|2.418716|3.323522|-2.042404]
03:23:16.052,[0|10|20|30|40],[1|1|1|1|1],[1.608595|2.405173|1.919936|2.060054|-3.048253]
03:23:16.160,[0|10|20|30|40],[1|1|1|1|1],[1.838614|2.156544|2.711305|2.693539|-3.713269]
03:23:16.252,[0|10|20|30|40],[1|1|1|1|1],[2.144182|1.844238|2.898015|2.440403|-4.252367]
03:23:16.353,[0|10|20|30|40],[1|1|1|1|1],[2.389777|2.074946|2.908485|3.101552|-4.493439]
03:23:16.456,[0|10|20|30|40],[1|1|1|1|1],[2.554080|2.056139|2.515918|2.647719|-3.009974]
03:23:16.557,[0|10|20|30|40],[1|1|1|1|1],[2.588317|1.602247|2.772718|-2.642194|-3.599471]
03:23:16.657,[0|10|20|30|40],[1|1|1|1|1],[2.468570|1.534537|-3.242331|-3.561167|-4.082062]
03:23:16.756,[0|10|20|30|40],[1|1|1|1|1],[-2.026192|-2.059279|-3.053555|-5.315356|-4.635226]
03:23:16.852,[0|10|20|30|40],[1|1|1|1|1],[-2.070373|-2.484936|-3.582834|-5.252313|-4.336465]
03:23:16.958,[0|10|20|30|40],[1|1|1|1|1],[-2.017938|-2.568705|-3.781708|-5.138396|-6.601927]
