timestamp,distances,validty,bias
03:21:47.064,[0|10|20|30|40],[1|1|1|1|1],[-3.138636|-4.098969|1.791591|5.256075|8.068217]
03:21:47.162,[0|10|20|30|40],[1|1|1|1|1],[3.407986|3.778629|2.010976|5.789422|10.640698]
03:21:47.265,[0|10|20|30|40],[1|1|1|1|1],[4.000495|3.747800|1.545697|5.520667|8.532982]
03:21:47.363,[0|10|20|30|40],[1|1|1|1|1],[4.281057|4.189400|1.804832|6.301909|8.706279]
03:21:47.463,[0|10|20|30|40],[1|1|1|1|1],[3.208647|3.622185|1.681661|5.616774|8.886775]
03:21:47.562,[0|10|20|30|40],[1|1|1|1|1],[1.956239|3.593034|2.003293|6.681717|9.156627]
03:21:47.661,[0|10|20|30|40],[1|1|1|1|1],[2.251626|3.487539|1.633690|4.753939|5.286486]
03:21:47.764,[0|10|20|30|40],[1|1|1|1|1],[2.484239|2.954264|1.612227|5.063498|7.687075]
03:21:47.861,[0|10|20|30|40],[1|1|1|1|1],[3.455281|3.511539|1.888695|5.158760|9.713043]
03:21:47.963,[0|10|20|30|40],[1|1|1|1|1],[2.888613|3.323825|-1.875307|3.737883|8.586415]
03:21:48.065,[0|10|20|30|40],[1|1|1|1|1],[3.184610|3.551405|-2.518158|4.171639|9.554776]
03:21:48.166,[0|10|20|30|40],[1|1|1|1|1],[3.148869|3.827183|2.460129|7.819705|10.526532]
03:21:48.262,[0|10|20|30|40],[1|1|1|1|1],[1.879103|2.913625|4.209063|9.142882|10.298768]
03:21:48.365,[0|10|20|30|40],[1|1|1|1|1],[2.269975|3.405567|4.912579|9.825616|10.376942]
03:21:48.464,[0|10|20|30|40],[1|1|1|1|1],[1.479236|3.134697|5.525076|9.444919|10.064470]
03:21:48.562,[0|10|20|30|40],[1|1|1|1|1],[1.784182|4.452086|7.218729|8.877657|9.585935]
03:21:48.666,[0|10|20|30|40],[1|1|1|1|1],[2.297770|5.718212|7.650577|8.285287|8.836079]
03:21:48.761,[0|10|20|30|40],[1|1|1|1|1],[2.424911|5.948399|7.632139|8.086474|8.921135]
03:21:48.867,[0|10|20|30|40],[1|1|1|1|1],[3.244399|6.068557|7.486419|8.367139|9.312689]
03:21:48.965,[0|10|20|30|40],[1|1|1|1|1],[2.972445|6.580214|7.384177|5.298462|-6.828749]
03:21:49.065,[0|10|20|30|40],[1|1|1|1|1],[3.096282|5.610029|3.168889|1.361877|-11.153042]
03:21:49.165,[0|10|20|30|40],[1|1|1|1|1],[2.853227|4.476260|2.790005|-2.517200|-14.246726]
03:21:49.261,[0|10|20|30|40],[1|1|1|1|1],[2.796217|4.546706|2.807532|-2.514791|-15.755379]
03:21:49.362,[0|10|20|30|40],[1|1|1|1|1],[3.048578|4.386154|2.406735|-2.892673|-17.829967]
03:21:49.466,[0|10|20|30|40],[1|1|1|1|1],[2.113317|2.893713|-1.602901|-5.156249|-21.890854]
03:21:49.562,[0|10|20|30|40],[1|1|1|1|1],[1.757911|-1.764326|-1.763280|-7.908583|-24.737907]
03:21:49.662,[0|10|20|30|40],[1|1|1|1|1],[2.060273|-1.970087|3.033902|-10.031902|-28.408741]
03:21:49.772,[0|10|20|30|40],[1|1|1|1|1],[1.914041|-2.030866|3.344753|-9.273243|-28.489422]
03:21:49.872,[0|10|20|30|40],[1|1|1|1|1],[1.680221|-1.939493|3.583452|-8.843184|-25.073551]
03:21:49.954,[0|10|20|30|40],[1|1|1|1|1],[-1.015078|2.148946|4.565108|-7.641578|-18.397284]
03:21:50.058,[0|10|20|30|40],[1|1|1|1|1],[1.057984|2.748591|4.496068|-9.106231|-18.270826]
03:21:50.175,[0|10|20|30|40],[1|1|1|1|1],[1.098029|3.402349|5.232066|-8.949566|-22.474241]
03:21:50.272,[0|10|20|30|40],[1|1|1|1|1],[1.278450|4.108447|5.051154|-8.183980|-19.754553]
03:21:50.372,[0|10|20|30|40],[1|1|1|1|1],[1.776522|4.742556|4.942524|-7.405782|-20.127249]
03:21:50.451,[0|10|20|30|40],[1|1|1|1|1],[1.418051|4.530486|3.691578|-10.234594|-26.939154]
03:21:50.556,[0|10|20|30|40],[1|1|1|1|1],[1.905899|2.973051|-3.263104|-8.079457|-22.282267]
03:21:50.653,[0|10|20|30|40],[1|1|1|1|1],[1.766428|-2.756471|-3.813660|-9.087634|13.410711]
03:21:50.755,[0|10|20|30|40],[1|1|1|1|1],[2.005175|-3.220415|-3.436112|10.352278|13.406706]
03:21:50.856,[0|10|20|30|40],[1|1|1|1|1],[2.480027|-3.949940|-5.379879|11.136055|13.647938]
03:21:50.961,[0|10|20|30|40],[1|1|1|1|1],[1.945764|-3.943138|-5.303776|12.227345|17.618656]
03:21:51.054,[0|10|20|30|40],[1|1|1|1|1],[2.495962|-5.174612|-6.923580|9.138727|21.022129]
03:21:51.154,[0|10|20|30|40],[1|1|1|1|1],[2.759123|-5.744097|-8.302307|9.716749|28.758717]
03:21:51.257,[0|10|20|30|40],[1|1|1|1|1],[2.498731|-6.402802|-7.803524|10.398054|43.474007]
03:21:51.375,[0|10|20|30|40],[1|1|1|1|1],[3.434765|-7.805419|-8.192420|-11.163330|-44.482136]
03:21:51.473,[0|10|20|30|40],[1|1|1|1|1],[4.396655|7.409036|7.760692|-12.636948|-55.062485]
03:21:51.557,[0|10|20|30|40],[1|1|1|1|1],[2.357015|7.195017|8.253360|-10.390282|-61.474991]
03:21:51.656,[0|10|20|30|40],[1|1|1|1|1],[3.284855|7.218456|7.773423|-12.403536|-67.440987]
03:21:51.756,[0|10|20|30|40],[1|1|1|1|1],[3.076625|6.163037|7.984281|-16.603422|-56.698704]
03:21:51.853,[0|10|20|30|40],[1|1|1|1|1],[3.815675|6.142571|8.874631|-12.343121|-43.380451]
03:21:51.953,[0|10|20|30|40],[1|1|1|1|1],[-2.966538|4.124022|8.191586|-13.602638|-15.235424]
03:21:52.058,[0|10|20|30|40],[1|1|1|1|1],[2.812335|4.297540|8.147955|-15.770292|-13.109207]
03:21:52.171,[0|10|20|30|40],[1|1|1|1|1],[3.436765|4.344201|8.580303|-16.401434|-9.779835]
03:21:52.258,[0|10|20|30|40],[1|1|1|1|1],[-3.229426|2.743220|-6.563067|-20.748663|8.571148]
03:21:52.372,[0|10|20|30|40],[1|1|1|1|1],[-2.811371|-2.780855|7.097864|-27.955532|-19.155693]
03:21:52.457,[0|10|20|30|40],[1|1|1|1|1],[3.021394|3.368264|7.470584|-23.353672|-19.929028]
03:21:52.557,[0|10|20|30|40],[1|1|1|1|1],[2.704639|5.075324|7.889891|-16.345549|-15.835571]
03:21:52.656,[0|10|20|30|40],[1|1|1|1|1],[2.405673|3.217912|-6.571031|-17.295027|-16.691780]
03:21:52.757,[0|10|20|30|40],[1|1|1|1|1],[-2.166039|3.414041|-7.709527|-16.694069|-30.097866]
03:21:52.852,[0|10|20|30|40],[1|1|1|1|1],[2.820785|5.700964|-8.024621|-16.624498|20.645046]
03:21:52.953,[0|10|20|30|40],[1|1|1|1|1],[2.306671|5.430994|-8.465362|-20.356083|-14.516735]
03:21:53.055,[0|10|20|30|40],[1|1|1|1|1],[2.911352|4.939330|-9.417486|-27.057409|-21.035862]
03:21:53.156,[0|10|20|30|40],[1|1|1|1|1],[3.371954|5.637735|-9.032965|-26.895332|-1.894855]
03:21:53.252,[0|10|20|30|40],[1|1|1|1|1],[2.824907|5.953878|-8.660150|-26.627779|-14.423656]
03:21:53.352,[0|10|20|30|40],[1|1|1|1|1],[2.863640|5.952579|7.609463|-23.250008|-1.340389]
03:21:53.453,[0|10|20|30|40],[1|1|1|1|0],[-3.475721|-4.964190|-6.045890|-25.634289|0.000000]
03:21:53.557,[0|10|20|30|40],[1|1|1|1|0],[-2.909142|-5.458713|-5.922937|-23.171616|0.000000]
03:21:53.656,[0|10|20|30|40],[1|1|1|1|0],[-3.509907|-5.493015|-6.130743|-29.758883|0.000000]
03:21:53.767,[0|10|20|30|40],[1|1|1|1|0],[-4.045093|-5.621707|-6.694293|-45.028210|0.000000]
03:21:53.862,[0|10|20|30|40],[1|1|1|1|0],[-3.066489|5.422378|7.866049|-40.801285|0.000000]
03:21:53.963,[0|10|20|30|40],[1|1|1|1|0],[-3.099585|6.490433|7.244277|-34.256935|0.000000]
03:21:54.064,[0|10|20|30|40],[1|1|1|1|0],[-3.793135|6.937653|5.324411|-45.672703|0.000000]
03:21:54.164,[0|10|20|30|40],[1|1|1|1|0],[-3.401443|4.800260|4.196930|-49.379826|0.000000]
03:21:54.264,[0|10|20|30|40],[1|1|1|1|0],[-3.427063|5.591303|3.730154|-60.393620|0.000000]
03:21:54.366,[0|10|20|30|40],[1|1|1|1|0],[-2.557866|5.794364|-4.603434|-54.618645|0.000000]
03:21:54.465,[0|10|20|30|40],[1|1|1|1|0],[-2.340493|5.764890|-5.864954|-72.164062|0.000000]
03:21:54.562,[0|10|20|30|40],[1|1|1|1|0],[-2.494182|6.166845|-10.521746|-79.929688|0.000000]
03:21:54.655,[0|10|20|30|40],[1|1|1|1|0],[-3.386080|5.120802|-9.505987|-52.009438|0.000000]
03:21:54.772,[0|10|20|30|40],[1|1|1|1|0],[-3.333448|3.504193|-12.597013|-51.458645|0.000000]
03:21:54.856,[0|10|20|30|40],[1|1|1|1|0],[2.680197|-4.370260|11.179805|49.921753|0.000000]
03:21:54.956,[0|10|20|30|40],[1|1|1|1|0],[-2.611411|-4.875809|13.444209|42.368126|0.000000]
03:21:55.058,[0|10|20|30|40],[1|1|1|1|0],[-3.238425|-3.767705|13.585758|35.152149|0.000000]
03:21:55.152,[0|10|20|30|40],[1|1|1|1|0],[-2.784643|-3.999949|15.314245|27.823496|0.000000]
03:21:55.254,[0|10|20|30|40],[1|1|1|1|0],[-2.571441|-3.836876|15.423679|37.053108|0.000000]
03:21:55.352,[0|10|20|30|40],[1|1|1|1|0],[-3.093453|3.334391|14.592409|-26.596165|0.000000]
03:21:55.459,[0|10|20|30|40],[1|1|1|1|0],[-2.813114|5.717319|17.479538|-32.993462|0.000000]
03:21:55.572,[0|10|20|30|40],[1|1|1|1|0],[-2.806349|8.163571|17.532944|-44.465351|0.000000]
03:21:55.658,[0|10|20|30|40],[1|1|1|1|0],[-2.783081|-7.247406|14.007449|-54.466293|0.000000]
03:21:55.772,[0|10|20|30|40],[1|1|1|1|0],[-2.535906|-9.700614|-14.405560|-46.748398|0.000000]
03:21:55.853,[0|10|20|30|40],[1|1|1|1|0],[-2.112511|-10.732079|-9.681177|-49.658821|0.000000]
03:21:55.952,[0|10|20|30|40],[1|1|1|1|0],[-2.635312|-9.085387|-10.536933|-41.836834|0.000000]
03:21:56.055,[0|10|20|30|40],[1|1|1|1|0],[-2.903685|-11.525881|-9.740210|-37.694645|0.000000]
03:21:56.158,[0|10|20|30|40],[1|1|1|1|0],[-2.514270|-8.517874|-4.831505|-36.301422|0.000000]
03:21:56.263,[0|10|20|30|40],[1|1|1|1|0],[-2.878535|-7.177597|-6.312037|-34.589912|0.000000]
03:21:56.362,[0|10|20|30|40],[1|1|1|1|0],[-3.797224|-5.554211|-7.446337|-34.113739|0.000000]
03:21:56.464,[0|10|20|30|40],[1|1|1|1|0],[-4.051155|-4.810441|-6.839275|-49.366570|0.000000]
03:21:56.563,[0|10|20|30|40],[1|1|1|1|0],[-4.319517|-4.337114|-5.929017|-53.977203|0.000000]
03:21:56.667,[0|10|20|30|40],[1|1|1|1|0],[-4.379056|-3.317237|-10.162473|-68.206696|0.000000]
03:21:56.766,[0|10|20|30|40],[1|1|1|1|0],[-4.640515|-3.621715|-12.440372|-75.397301|0.000000]
03:21:56.865,[0|10|20|30|40],[1|1|1|1|0],[-4.380591|-5.768937|-17.753147|-84.925461|0.000000]
03:21:56.965,[0|10|20|30|40],[1|1|1|1|0],[4.212806|-5.362713|-16.290188|-78.575943|0.000000]
03:21:57.068,[0|10|20|30|40],[1|1|1|1|0],[-2.876577|-6.152701|-17.519617|-61.751556|0.000000]
03:21:57.165,[0|10|20|30|40],[1|1|1|1|0],[-2.031135|-6.526083|-16.821407|-70.464752|0.000000]
03:21:57.265,[0|10|20|30|40],[1|1|1|1|0],[-2.143494|-6.781375|-16.414429|-65.019989|0.000000]
03:21:57.366,[0|10|20|30|40],[1|1|1|1|0],[-1.337206|-7.962692|-15.205431|-81.197067|0.000000]
03:21:57.463,[0|10|20|30|40],[1|1|1|1|0],[-2.092856|-7.684833|-12.728000|-45.673607|0.000000]
03:21:57.562,[0|10|20|30|40],[1|1|1|1|0],[-2.937688|-4.359710|-14.231110|-43.720390|0.000000]
03:21:57.665,[0|10|20|30|40],[1|1|1|1|0],[-3.212950|-5.353123|-10.520029|-62.596558|0.000000]
03:21:57.764,[0|10|20|30|40],[1|1|1|1|0],[2.196092|-5.324018|-13.030410|-68.818710|0.000000]
03:21:57.862,[0|10|20|30|40],[1|1|1|1|0],[1.751271|-5.379462|-16.611694|-85.890434|0.000000]
03:21:57.966,[0|10|20|30|40],[1|1|1|1|0],[2.070770|-8.755404|-21.728874|-51.994896|0.000000]
03:21:58.068,[0|10|20|30|40],[1|1|1|1|0],[2.280575|-9.923946|-22.465015|-65.118317|0.000000]
03:21:58.166,[0|10|20|30|40],[1|1|1|1|0],[-2.899549|-10.852444|-22.675896|-71.898651|0.000000]
03:21:58.273,[0|10|20|30|40],[1|1|1|1|0],[-3.416732|-9.379977|-22.559048|-70.767830|0.000000]
03:21:58.352,[0|10|20|30|40],[1|1|1|1|0],[-3.439957|-12.187016|-22.171951|-71.495628|0.000000]
03:21:58.453,[0|10|20|30|40],[1|1|1|1|0],[-2.659397|-12.530190|-22.100567|-45.801163|0.000000]
03:21:58.554,[0|10|20|30|40],[1|1|1|1|0],[-2.916469|-11.773336|-21.622896|-41.671181|0.000000]
03:21:58.659,[0|10|20|30|40],[1|1|1|1|0],[-2.719787|-12.354946|-21.589851|-41.163445|0.000000]
03:21:58.760,[0|10|20|30|40],[1|1|1|1|0],[-2.562558|-10.976028|-19.873762|-36.693764|0.000000]
03:21:58.852,[0|10|20|30|40],[1|1|1|1|0],[-1.334086|-8.113146|-16.125965|-45.386650|0.000000]
03:21:58.956,[0|10|20|30|40],[1|1|1|1|0],[-3.218328|-10.103363|-14.311171|-38.054943|0.000000]
03:21:59.054,[0|10|20|30|40],[1|1|1|1|0],[-3.763597|-8.386791|-13.093138|-41.664078|0.000000]
03:21:59.156,[0|10|20|30|40],[1|1|1|1|0],[-3.215007|8.379769|15.468955|54.023075|0.000000]
03:21:59.272,[0|10|20|30|40],[1|1|1|1|0],[-4.137711|8.311516|17.748569|36.880112|0.000000]
03:21:59.373,[0|10|20|30|40],[1|1|1|1|0],[-4.733049|9.601134|18.576622|38.125656|0.000000]
03:21:59.457,[0|10|20|30|40],[1|1|1|1|0],[-3.666490|6.195015|9.669971|46.090363|0.000000]
03:21:59.558,[0|10|20|30|40],[1|1|1|1|0],[4.237387|9.768629|13.428020|52.888252|0.000000]
03:21:59.658,[0|10|20|30|40],[1|1|1|1|0],[4.673061|8.656651|15.325475|66.391663|0.000000]
03:21:59.758,[0|10|20|30|40],[1|1|1|1|0],[5.747611|9.647858|16.259075|70.392700|0.000000]
03:21:59.855,[0|10|20|30|40],[1|1|1|1|0],[-4.564442|8.745628|16.322660|80.748222|0.000000]
03:21:59.958,[0|10|20|30|40],[1|1|1|1|0],[-5.716294|-7.928085|18.427490|-53.399181|0.000000]
03:22:00.058,[0|10|20|30|40],[1|1|1|1|0],[-4.701872|-7.123452|-17.274784|-65.387962|0.000000]
03:22:00.154,[0|10|20|30|40],[1|1|1|1|0],[-6.147047|-8.801728|-19.811916|-55.679798|0.000000]
03:22:00.256,[0|10|20|30|40],[1|1|1|1|0],[-5.171920|-8.776665|-20.262957|-42.906235|0.000000]
03:22:00.358,[0|10|20|30|40],[1|1|1|1|0],[4.284461|-9.420908|-26.600981|-42.797424|0.000000]
03:22:00.456,[0|10|20|30|40],[1|1|1|1|0],[-2.908237|-5.077428|-17.964172|-41.459274|0.000000]
03:22:00.574,[0|10|20|30|40],[1|1|1|1|0],[-2.939627|-7.202869|-20.107222|-49.498749|0.000000]
03:22:00.675,[0|10|20|30|40],[1|1|1|1|0],[-3.209982|-7.357514|-20.367359|-62.331055|0.000000]
03:22:00.775,[0|10|20|30|40],[1|1|1|1|0],[-3.129660|-8.574450|-23.601151|-50.660278|0.000000]
03:22:00.873,[0|10|20|30|40],[1|1|1|1|0],[-4.670992|-10.097331|-18.634628|-64.220337|0.000000]
03:22:00.954,[0|10|20|30|40],[1|1|1|1|0],[-4.269287|-9.142345|-17.124510|-56.138706|0.000000]
03:22:01.054,[0|10|20|30|40],[1|1|1|1|0],[-4.446331|-9.686929|-19.171356|-48.183823|0.000000]
03:22:01.158,[0|10|20|30|40],[1|1|1|1|0],[-5.777483|-10.033220|-18.501043|-45.905640|0.000000]
03:22:01.258,[0|10|20|30|40],[1|1|1|1|0],[-3.950101|-10.962957|-18.550491|-55.631683|0.000000]
03:22:01.372,[0|10|20|30|40],[1|1|1|1|0],[-6.068414|-12.364113|-20.737982|-49.667168|0.000000]
03:22:01.455,[0|10|20|30|40],[1|1|1|1|0],[-5.645622|-10.074419|-10.678482|-38.356544|0.000000]
03:22:01.556,[0|10|20|30|40],[1|1|1|1|0],[-5.759772|-10.407150|-9.931302|-49.919605|0.000000]
03:22:01.658,[0|10|20|30|40],[1|1|1|1|0],[-6.876907|-8.828712|-10.089016|-24.611282|0.000000]
03:22:01.756,[0|10|20|30|40],[1|1|1|1|0],[-7.366221|-8.482939|-7.666445|-18.340015|0.000000]
03:22:01.875,[0|10|20|30|40],[1|1|1|1|0],[-8.240359|-8.572668|-6.718087|-29.232454|0.000000]
03:22:01.953,[0|10|20|30|40],[1|1|1|1|0],[-5.197397|-8.608580|-6.232262|-34.369514|0.000000]
03:22:02.058,[0|10|20|30|40],[1|1|1|1|0],[-5.044516|-4.925567|-5.449677|-34.196327|0.000000]
03:22:02.151,[0|10|20|30|40],[1|1|1|1|0],[2.202501|-4.671013|-7.057881|-42.726089|0.000000]
03:22:02.255,[0|10|20|30|40],[1|1|1|1|0],[2.097610|-5.567598|-7.442355|-25.810194|0.000000]
03:22:02.352,[0|10|20|30|40],[1|1|1|1|0],[1.673957|-5.084062|-8.094430|-20.017147|0.000000]
03:22:02.453,[0|10|20|30|40],[1|1|1|1|0],[2.497349|-3.333759|5.468011|-26.100063|0.000000]
03:22:02.552,[0|10|20|30|40],[1|1|1|1|0],[-3.066567|-6.389594|5.269718|-34.680893|0.000000]
03:22:02.673,[0|10|20|30|40],[1|1|1|1|0],[-3.623637|-6.811756|4.877973|-25.186253|0.000000]
03:22:02.765,[0|10|20|30|40],[1|1|1|1|0],[-3.189053|-5.357867|-5.009818|-31.893730|0.000000]
03:22:02.862,[0|10|20|30|40],[1|1|1|1|0],[-3.870680|-6.464690|-5.969858|-24.851942|0.000000]
03:22:02.962,[0|10|20|30|40],[1|1|1|1|0],[-4.422441|-6.631315|-4.942131|-31.505775|0.000000]
03:22:03.065,[0|10|20|30|40],[1|1|1|1|0],[-1.741279|-8.097154|-6.075144|-29.205894|0.000000]
03:22:03.164,[0|10|20|30|40],[1|1|1|1|0],[-1.889569|-11.083424|-6.430149|-40.264416|0.000000]
03:22:03.264,[0|10|20|30|40],[1|1|1|1|0],[-3.455546|-11.529934|-4.840040|-45.638512|0.000000]
03:22:03.366,[0|10|20|30|40],[1|1|1|1|0],[-4.533618|-10.754699|-5.353832|-33.092022|0.000000]
03:22:03.467,[0|10|20|30|40],[1|1|1|1|0],[-3.468505|-7.653290|-4.097438|-21.300459|0.000000]
03:22:03.564,[0|10|20|30|40],[1|1|1|1|0],[-4.588146|-6.903357|4.223657|20.884037|0.000000]
03:22:03.666,[0|10|20|30|40],[1|1|1|1|0],[-5.499427|6.490636|4.202771|24.852753|0.000000]
03:22:03.766,[0|10|20|30|40],[1|1|1|1|0],[-4.291967|4.937548|-3.647590|38.278534|0.000000]
03:22:03.865,[0|10|20|30|40],[1|1|1|1|0],[4.457088|5.070961|-6.288624|41.253090|0.000000]
03:22:03.964,[0|10|20|30|40],[1|1|1|1|0],[3.565284|3.014219|-6.761599|47.771790|0.000000]
03:22:04.063,[0|10|20|30|40],[1|1|1|1|0],[-2.022051|3.750205|-8.894300|61.221981|0.000000]
03:22:04.142,[0|10|20|30|40],[1|1|1|1|0],[-1.922389|3.795654|-9.586024|69.472549|0.000000]
03:22:04.263,[0|10|20|30|40],[1|1|1|1|0],[1.797414|-6.280744|-14.757895|63.444996|0.000000]
03:22:04.364,[0|10|20|30|40],[1|1|1|1|0],[1.809178|-7.116550|-16.829659|-71.082352|0.000000]
03:22:04.463,[0|10|20|30|40],[1|1|1|1|0],[-1.991484|-7.068128|-17.283272|-69.024185|0.000000]
03:22:04.562,[0|10|20|30|40],[1|1|1|1|0],[-2.201175|-7.878959|-18.862270|-77.173424|0.000000]
03:22:04.661,[0|10|20|30|40],[1|1|1|1|0],[-3.127594|-8.350057|-18.985962|-45.773552|0.000000]
03:22:04.766,[0|10|20|30|40],[1|1|1|1|1],[-4.062968|-8.247834|-14.280725|-31.058979|-14.373875]
03:22:04.861,[0|10|20|30|40],[1|1|1|1|0],[-4.214159|-9.237695|-14.750123|-31.652641|0.000000]
03:22:04.962,[0|10|20|30|40],[1|1|1|1|0],[-5.019728|-12.808996|-19.845295|-41.166733|0.000000]
03:22:05.066,[0|10|20|30|40],[1|1|1|1|0],[-5.946501|-14.193124|-20.058012|-42.534828|0.000000]
03:22:05.164,[0|10|20|30|40],[1|1|1|1|0],[-2.594442|-7.641435|-14.485121|-51.564552|0.000000]
03:22:05.263,[0|10|20|30|40],[1|1|1|1|1],[-2.428035|-7.878387|-11.536050|-56.135986|-24.162960]
03:22:05.363,[0|10|20|30|40],[1|1|1|1|1],[1.881602|-9.721655|-13.395905|-52.304077|-5.514050]
03:22:05.462,[0|10|20|30|40],[1|1|1|1|0],[-2.150646|-14.127231|-15.327978|-63.267899|0.000000]
03:22:05.562,[0|10|20|30|40],[1|1|1|1|1],[-2.409690|-13.858229|-15.423679|-67.271133|-19.448948]
03:22:05.663,[0|10|20|30|40],[1|1|1|1|1],[-2.063450|-14.767086|-14.957261|-66.987274|-33.080959]
03:22:05.766,[0|10|20|30|40],[1|1|1|1|1],[-2.845581|-14.073974|-16.480518|-82.104065|-35.063553]
03:22:05.861,[0|10|20|30|40],[1|1|1|1|1],[-2.928163|-10.392356|-15.516090|-77.786255|-35.277939]
03:22:05.968,[0|10|20|30|40],[1|1|1|1|1],[-4.761758|-11.190539|-16.933323|-72.189621|-26.472473]
03:22:06.066,[0|10|20|30|40],[1|1|1|1|1],[-5.746563|-12.152540|-18.552017|-65.196655|-23.469448]
03:22:06.162,[0|10|20|30|40],[1|1|1|1|1],[-5.337878|-11.624813|-12.698197|-51.224804|-13.495636]
03:22:06.268,[0|10|20|30|40],[1|1|1|1|1],[-5.140588|-10.898626|-13.533854|-57.216499|-13.971329]
03:22:06.341,[0|10|20|30|40],[1|1|1|1|1],[-3.471015|-11.839032|-17.868446|-60.610916|-19.719982]
03:22:06.441,[0|10|20|30|40],[1|1|1|1|1],[-3.679700|-10.672188|-12.514853|-51.386166|-17.803478]
03:22:06.564,[0|10|20|30|40],[1|1|1|1|1],[-4.380430|-10.335636|-14.435720|-55.409958|-24.121380]
03:22:06.668,[0|10|20|30|40],[1|1|1|1|1],[-4.587391|-9.751153|-15.526962|-42.849922|-36.316776]
03:22:06.768,[0|10|20|30|40],[1|1|1|1|1],[-4.829264|-10.308343|-13.734508|-45.354748|-59.195042]
03:22:06.864,[0|10|20|30|40],[1|1|1|1|1],[-4.597646|-12.215197|-16.333412|-35.948418|-63.472843]
03:22:06.966,[0|10|20|30|40],[1|1|1|1|1],[5.630028|-12.655258|-17.186905|-39.937546|-77.573303]
03:22:07.066,[0|10|20|30|40],[1|1|1|1|1],[-5.825191|-10.748625|-16.614103|-44.334175|-95.887375]
03:22:07.166,[0|10|20|30|40],[1|1|1|1|1],[-6.842363|-12.107515|-17.146826|-47.254608|-65.619370]
03:22:07.266,[0|10|20|30|40],[1|1|1|1|1],[-7.809562|-11.703753|-17.449833|-53.652000|-82.891937]
03:22:07.364,[0|10|20|30|40],[1|1|1|1|1],[-7.989675|-12.953138|-19.012880|-56.680634|-69.924454]
03:22:07.464,[0|10|20|30|40],[1|1|1|1|1],[-5.502758|-9.432763|-16.412544|-58.395813|-64.658737]
03:22:07.565,[0|10|20|30|40],[1|1|1|1|1],[-5.951822|-9.207040|-17.078854|-57.436657|-77.727509]
03:22:07.663,[0|10|20|30|40],[1|1|1|1|1],[-5.707869|-10.517353|-13.559985|-49.383308|-36.892223]
03:22:07.764,[0|10|20|30|40],[1|1|1|1|1],[-2.960566|8.454000|15.108538|47.575378|44.951630]
03:22:07.864,[0|10|20|30|40],[1|1|1|1|1],[3.689173|6.779671|13.582015|45.005703|73.961067]
03:22:07.963,[0|10|20|30|40],[1|1|1|1|1],[3.980118|8.184171|12.376904|46.199417|86.534164]
03:22:08.065,[0|10|20|30|40],[1|1|1|1|1],[2.354142|7.900590|16.967058|38.325836|45.078850]
03:22:08.165,[0|10|20|30|40],[1|1|1|1|1],[3.008035|6.926966|17.901062|38.580894|58.737087]
03:22:08.266,[0|10|20|30|40],[1|1|1|1|1],[2.940547|9.542025|20.155312|45.245888|64.465240]
03:22:08.365,[0|10|20|30|40],[1|1|1|1|1],[3.010161|8.655089|19.494797|34.978771|80.020477]
03:22:08.464,[0|10|20|30|40],[1|1|1|1|1],[3.058791|10.100031|17.022085|29.875374|-88.797234]
03:22:08.562,[0|10|20|30|40],[1|1|1|1|1],[-3.129828|12.373734|-22.318100|33.629845|-52.277229]
03:22:08.663,[0|10|20|30|40],[1|1|1|1|1],[-3.161997|-14.016146|-24.117397|-36.459587|-66.110138]
03:22:08.742,[0|10|20|30|40],[1|1|1|1|1],[-3.705964|-16.352867|-22.995138|-19.475651|-78.935577]
03:22:08.864,[0|10|20|30|40],[1|1|1|1|1],[-3.367403|-15.980333|-20.885086|-27.737379|-101.438332]
03:22:08.962,[0|10|20|30|40],[1|1|1|1|1],[-4.826082|-12.937843|-17.450405|-31.082773|-67.586945]
03:22:09.061,[0|10|20|30|40],[1|1|1|1|1],[4.547503|-11.510384|-14.901829|-26.728964|-86.152222]
03:22:09.164,[0|10|20|30|40],[1|1|1|1|1],[4.579467|-10.747862|-14.357233|-26.267385|-70.868874]
03:22:09.263,[0|10|20|30|40],[1|1|1|1|1],[5.607355|-11.402369|-13.920164|-23.900557|-54.596996]
03:22:09.364,[0|10|20|30|40],[1|1|1|1|1],[4.800325|-11.529594|-15.921044|-26.618767|-55.018471]
03:22:09.465,[0|10|20|30|40],[1|1|1|1|1],[5.379216|-9.417475|-18.930363|-21.596861|-65.086174]
03:22:09.565,[0|10|20|30|40],[1|1|1|1|1],[5.371714|-9.293949|-17.782640|-21.022892|-48.483276]
03:22:09.667,[0|10|20|30|40],[1|1|1|1|1],[5.081257|-7.994670|-15.206313|-17.127037|-61.311386]
03:22:09.763,[0|10|20|30|40],[1|1|1|1|1],[-4.001737|-12.990761|-14.941692|-18.174219|-72.820518]
03:22:09.861,[0|10|20|30|40],[1|1|1|1|1],[-4.522966|-14.124256|-16.877079|-21.558189|-61.836910]
03:22:09.964,[0|10|20|30|40],[1|1|1|1|1],[-5.259422|-15.197062|-16.755653|-16.304684|-70.778084]
03:22:10.063,[0|10|20|30|40],[1|1|1|1|1],[-5.804821|-17.750729|-16.620874|-19.066668|-82.892700]
03:22:10.162,[0|10|20|30|40],[1|1|1|1|1],[-6.422163|-14.884472|-19.396162|-26.890516|-103.592537]
03:22:10.266,[0|10|20|30|40],[1|1|1|1|1],[-7.792637|-13.453829|-16.112185|-33.175278|-73.346138]
03:22:10.364,[0|10|20|30|40],[1|1|1|1|1],[-3.164697|-11.168832|-16.487026|-29.095364|-80.856415]
03:22:10.465,[0|10|20|30|40],[1|1|1|1|1],[-3.919912|-12.066895|-15.716147|-25.368786|-96.809052]
03:22:10.563,[0|10|20|30|40],[1|1|1|1|1],[-4.056348|-13.430988|-14.739180|-26.313448|-105.169250]
03:22:10.664,[0|10|20|30|40],[1|1|1|1|1],[-2.382488|-8.888399|-13.713085|-28.092861|-54.064941]
03:22:10.765,[0|10|20|30|40],[1|1|1|1|1],[-2.370645|-7.649004|-14.413225|-24.942017|-71.626472]
03:22:10.862,[0|10|20|30|40],[1|1|1|1|1],[-2.113579|-9.056843|-13.249552|-22.658300|-90.079590]
03:22:10.962,[0|10|20|30|40],[1|1|1|1|1],[-1.861687|-8.615982|-15.364277|-27.505112|-114.529655]
03:22:11.065,[0|10|20|30|40],[1|1|1|1|1],[-2.083419|-5.498898|-14.203035|-25.805712|-68.737122]
03:22:11.164,[0|10|20|30|40],[1|1|1|1|1],[-2.574497|-8.275074|-13.764095|-25.834274|-80.346443]
03:22:11.264,[0|10|20|30|40],[1|1|1|1|1],[-3.579770|-9.951126|-16.386963|-26.612425|-92.677544]
03:22:11.366,[0|10|20|30|40],[1|1|1|1|1],[-3.788412|-11.081767|-16.164160|-25.689745|-68.963531]
03:22:11.466,[0|10|20|30|40],[1|1|1|1|1],[-3.039584|-10.791058|-16.292381|-30.575609|-40.327072]
03:22:11.565,[0|10|20|30|40],[1|1|1|1|1],[-3.845372|-10.973996|-17.474424|-28.544283|-52.913811]
03:22:11.662,[0|10|20|30|40],[1|1|1|1|1],[-3.887901|-11.442411|-12.965906|-31.078815|-69.387726]
03:22:11.768,[0|10|20|30|40],[1|1|1|1|1],[-3.925281|-13.689285|-19.864618|-29.989147|-55.754471]
03:22:11.867,[0|10|20|30|40],[1|1|1|1|1],[-4.336675|-12.754446|-18.623352|-23.268986|-68.499611]
03:22:11.962,[0|10|20|30|40],[1|1|1|1|1],[-5.039344|-12.482893|-18.683792|-29.909039|-82.494926]
03:22:12.064,[0|10|20|30|40],[1|1|1|1|1],[-3.431845|11.708010|16.378641|-29.986429|98.467636]
03:22:12.164,[0|10|20|30|40],[1|1|1|1|1],[-3.135507|11.617601|20.673298|39.623787|118.623924]
03:22:12.268,[0|10|20|30|40],[1|1|1|1|1],[-3.609174|13.837296|23.023546|37.848473|88.583565]
03:22:12.363,[0|10|20|30|40],[1|1|1|1|1],[4.309268|15.303326|21.501900|37.804699|77.559280]
03:22:12.467,[0|10|20|30|40],[1|1|1|1|1],[5.253381|16.887320|24.366306|36.586044|87.205650]
03:22:12.568,[0|10|20|30|40],[1|1|1|1|1],[5.135744|18.048107|21.019363|32.785561|60.498764]
03:22:12.666,[0|10|20|30|40],[1|1|1|1|1],[4.463883|12.595052|26.206898|35.121391|75.403023]
03:22:12.767,[0|10|20|30|40],[1|1|1|1|1],[4.216890|15.771085|24.937893|35.616257|80.103394]
03:22:12.868,[0|10|20|30|40],[1|1|1|1|1],[3.228793|15.810615|-25.171303|35.718918|91.717239]
03:22:12.961,[0|10|20|30|40],[1|1|1|1|1],[-3.699647|-18.347370|-31.253052|-35.332825|-90.062950]
03:22:13.064,[0|10|20|30|40],[1|1|1|1|1],[-3.828979|-16.960358|-25.464130|-31.870317|-42.630672]
03:22:13.162,[0|10|20|30|40],[1|1|1|1|1],[-4.426622|-17.643053|-26.472187|-21.779871|-47.959373]
03:22:13.262,[0|10|20|30|40],[1|1|1|1|1],[-5.002273|-18.858219|-24.661182|-20.975876|-49.202110]
03:22:13.363,[0|10|20|30|40],[1|1|1|1|1],[-5.289306|-19.567417|-25.611258|-19.781160|-61.557533]
03:22:13.448,[0|10|20|30|40],[1|1|1|1|1],[-4.509844|-21.655357|-24.428009|-11.461926|-41.110420]
03:22:13.564,[0|10|20|30|40],[1|1|1|1|1],[-4.655039|-18.738836|-14.269185|-4.022169|-42.293503]
03:22:13.665,[0|10|20|30|40],[1|1|1|1|1],[-3.761822|-21.449602|-11.768246|-6.704330|-47.070408]
03:22:13.768,[0|10|20|30|40],[1|1|1|1|1],[-5.750863|-18.461525|-7.923508|-6.939793|-38.096619]
03:22:13.867,[0|10|20|30|40],[1|1|1|1|1],[-4.583412|-13.380945|-5.308580|-9.003997|-44.450424]
03:22:13.966,[0|10|20|30|40],[1|1|1|1|1],[-5.058710|-10.836482|-3.455520|-11.434889|-55.150127]
03:22:14.064,[0|10|20|30|40],[1|1|1|1|1],[-4.884873|-6.660205|-3.131247|-14.100647|-57.102299]
03:22:14.162,[0|10|20|30|40],[1|1|1|1|1],[-5.300988|-8.083052|-3.959775|-10.895586|-52.205040]
03:22:14.265,[0|10|20|30|40],[1|1|1|1|1],[-4.997423|-6.180018|-4.657984|-9.953928|-50.959633]
03:22:14.365,[0|10|20|30|40],[1|1|1|1|1],[-5.434035|-6.239099|-4.341233|-11.835837|-40.163086]
03:22:14.461,[0|10|20|30|40],[1|1|1|1|1],[-5.691800|-6.149167|-4.398334|-12.532997|-35.127785]
03:22:14.562,[0|10|20|30|40],[1|1|1|1|1],[-2.262461|-4.293484|-4.167473|-11.686516|-20.952892]
03:22:14.663,[0|10|20|30|40],[1|1|1|1|1],[-2.200347|-4.211092|-5.568933|-13.507557|-23.206091]
03:22:14.763,[0|10|20|30|40],[1|1|1|1|1],[-2.605450|-4.031527|-10.247970|-16.390823|-23.541927]
03:22:14.866,[0|10|20|30|40],[1|1|1|1|1],[-3.163150|-4.027203|-12.342251|-16.634417|-25.700808]
03:22:14.967,[0|10|20|30|40],[1|1|1|1|1],[-3.171957|-4.591462|-12.902164|-13.018489|-25.439405]
03:22:15.063,[0|10|20|30|40],[1|1|1|1|1],[-1.720276|-4.353171|-13.108635|-12.564921|-17.116308]
03:22:15.161,[0|10|20|30|40],[1|1|1|1|1],[-1.524031|-6.905508|-16.088593|-13.799071|-17.133427]
03:22:15.267,[0|10|20|30|40],[1|1|1|1|1],[-1.703328|-8.690831|-14.458442|-14.240193|-20.694065]
03:22:15.362,[0|10|20|30|40],[1|1|1|1|1],[-1.454608|-7.787686|-13.589787|-17.647982|-23.698498]
03:22:15.464,[0|10|20|30|40],[1|1|1|1|1],[-1.640038|-9.889215|-12.925315|-16.406654|-21.224285]
03:22:15.565,[0|10|20|30|40],[1|1|1|1|1],[-1.901162|-9.910059|-10.645235|-15.039420|-19.135929]
03:22:15.665,[0|10|20|30|40],[1|1|1|1|1],[-2.342555|-8.113581|-8.717585|-15.390348|-18.786739]
03:22:15.765,[0|10|20|30|40],[1|1|1|1|1],[-2.216400|-9.056267|-9.468615|-9.748960|-13.020587]
03:22:15.865,[0|10|20|30|40],[1|1|1|1|1],[-2.445553|-8.497146|-8.905125|-10.431814|-12.417674]
03:22:15.964,[0|10|20|30|40],[1|1|1|1|1],[-2.043755|-7.189870|-8.115053|-10.981846|-14.056826]
03:22:16.064,[0|10|20|30|40],[1|1|1|1|1],[-0.899795|-4.342884|-7.471561|-10.551167|-13.256359]
03:22:16.165,[0|10|20|30|40],[1|1|1|1|1],[-1.303184|-4.103032|-8.233738|-9.638524|-9.752607]
03:22:16.263,[0|10|20|30|40],[1|1|1|1|1],[-1.864137|-3.572583|-5.412722|-6.783843|-5.439448]
03:22:16.367,[0|10|20|30|40],[1|1|1|1|1],[2.636086|-3.905231|-4.998398|-6.088471|3.876400]
03:22:16.465,[0|10|20|30|40],[1|1|1|1|1],[0.860906|3.857031|-4.407561|-6.117177|3.455710]
03:22:16.564,[0|10|20|30|40],[1|1|1|1|1],[0.791478|5.317220|-4.686201|6.575513|3.122449]
03:22:16.666,[0|10|20|30|40],[1|1|1|1|1],[0.946367|3.295091|-4.898822|4.648256|5.411744]
03:22:16.767,[0|10|20|30|40],[1|1|1|1|1],[0.566359|2.641716|3.289425|6.085253|4.254389]
03:22:16.863,[0|10|20|30|40],[1|1|1|1|1],[1.047572|3.414273|3.179407|4.881418|4.185796]
03:22:16.967,[0|10|20|30|40],[1|1|1|1|1],[1.477836|3.645256|3.111494|5.576479|4.091287]
03:22:17.061,[0|10|20|30|40],[1|1|1|1|1],[1.672614|-3.425628|-4.279017|6.297398|5.170369]
03:22:17.164,[0|10|20|30|40],[1|1|1|1|1],[2.043413|-4.992673|-4.439574|7.086456|-4.386687]
03:22:17.265,[0|10|20|30|40],[1|1|1|1|1],[-2.404593|-4.877770|-4.539907|-5.998504|-3.925753]
03:22:17.365,[0|10|20|30|40],[1|1|1|1|1],[-2.246174|-4.673079|-4.561663|-6.022859|-3.684425]
03:22:17.466,[0|10|20|30|40],[1|1|1|1|1],[-2.052127|-5.093494|-5.208379|-5.690110|-3.399467]
03:22:17.563,[0|10|20|30|40],[1|1|1|1|1],[-2.587538|-4.999203|-3.469628|-2.683067|-3.712487]
03:22:17.661,[0|10|20|30|40],[1|1|1|1|1],[-1.891918|-4.748604|-1.711196|-2.355194|4.255843]
03:22:17.761,[0|10|20|30|40],[1|1|1|1|1],[-2.310961|-5.070591|1.499236|-2.004313|4.860234]
03:22:17.865,[0|10|20|30|40],[1|1|1|1|1],[-2.785258|-4.549539|1.586980|-2.646577|5.505538]
03:22:17.962,[0|10|20|30|40],[1|1|1|1|1],[-2.172154|-2.953619|1.867199|-3.151882|3.644228]
03:22:18.063,[0|10|20|30|40],[1|1|1|1|1],[-1.933540|-2.332282|1.981485|-3.496110|5.558825]
03:22:18.161,[0|10|20|30|40],[1|1|1|1|1],[-2.492501|-2.168375|-1.305491|3.771544|6.093574]
03:22:18.263,[0|10|20|30|40],[1|1|1|1|1],[-3.069262|-2.291608|-1.832014|3.873885|7.337701]
03:22:18.366,[0|10|20|30|40],[1|1|1|1|1],[2.472807|-2.521786|-2.716011|4.052854|8.598804]
03:22:18.464,[0|10|20|30|40],[1|1|1|1|1],[2.376925|-2.756733|-2.814931|4.174948|8.162249]
03:22:18.568,[0|10|20|30|40],[1|1|1|1|1],[2.073772|-3.813952|2.762693|3.568757|10.677886]
03:22:18.662,[0|10|20|30|40],[1|1|1|1|1],[1.579475|-3.889030|-2.348131|3.455508|9.177864]
03:22:18.766,[0|10|20|30|40],[1|1|1|1|1],[-1.219144|-3.061459|-1.820010|4.197473|9.600997]
03:22:18.863,[0|10|20|30|40],[1|1|1|1|1],[-1.070279|-3.088433|-1.615518|3.190506|5.373085]
03:22:18.968,[0|10|20|30|40],[1|1|1|1|1],[-1.086846|-2.411819|1.570684|3.524530|6.435609]
03:22:19.063,[0|10|20|30|40],[1|1|1|1|1],[-1.359925|-2.742630|1.657030|4.132790|7.198304]
03:22:19.165,[0|10|20|30|40],[1|1|1|1|1],[-1.121199|-1.575807|1.808617|3.502423|7.892108]
03:22:19.256,[0|10|20|30|40],[1|1|1|1|1],[-1.090407|1.874137|1.867774|3.857237|8.503199]
03:22:19.354,[0|10|20|30|40],[1|1|1|1|1],[1.011547|2.122927|1.776606|4.325485|7.970417]
03:22:19.459,[0|10|20|30|40],[1|1|1|1|1],[0.965837|2.260187|1.846674|-3.029317|8.094335]
03:22:19.551,[0|10|20|30|40],[1|1|1|1|1],[0.814767|2.277863|-2.082446|-2.815801|7.599378]
03:22:19.654,[0|10|20|30|40],[1|1|1|1|1],[1.030618|2.259786|-2.424544|-2.244848|6.813333]
03:22:19.755,[0|10|20|30|40],[1|1|1|1|1],[1.453131|2.222806|-2.488959|-2.745891|4.216757]
03:22:19.855,[0|10|20|30|40],[1|1|1|1|1],[1.239414|1.786764|-2.641812|-4.277196|4.529628]
03:22:19.972,[0|10|20|30|40],[1|1|1|1|1],[1.337369|1.814768|2.997565|-4.269628|5.445728]
03:22:20.073,[0|10|20|30|40],[1|1|1|1|1],[-1.143914|2.053176|2.915932|-4.470757|6.145383]
03:22:20.152,[0|10|20|30|40],[1|1|1|1|1],[-1.183106|2.034909|2.739830|-4.593697|-5.892132]
03:22:20.274,[0|10|20|30|40],[1|1|1|1|1],[-1.270025|2.350444|-2.785526|-4.503290|-6.176253]
03:22:20.357,[0|10|20|30|40],[1|1|1|1|1],[-1.276782|3.257777|-2.886380|-4.557786|-6.573963]
03:22:20.451,[0|10|20|30|40],[1|1|1|1|1],[-1.153570|3.922628|-3.540524|-4.570761|-7.371874]
03:22:20.558,[0|10|20|30|40],[1|1|1|1|1],[1.332942|3.883870|-2.578556|4.122484|-8.082347]
03:22:20.652,[0|10|20|30|40],[1|1|1|1|1],[-1.858167|3.707369|-2.903514|4.173786|7.428805]
03:22:20.752,[0|10|20|30|40],[1|1|1|1|1],[-2.342673|3.582564|-3.702502|4.700396|7.503838]
03:22:20.856,[0|10|20|30|40],[1|1|1|1|1],[-1.306018|-1.459441|-4.367837|-5.640426|7.575831]
03:22:20.958,[0|10|20|30|40],[1|1|1|1|1],[1.334114|-3.108589|-5.877445|-6.178235|7.771102]
03:22:21.058,[0|10|20|30|40],[1|1|1|1|1],[1.368353|-3.632571|-6.162549|-6.472228|-7.999031]
03:22:21.155,[0|10|20|30|40],[1|1|1|1|1],[1.464984|-4.360874|-5.415327|-4.124707|5.516071]
03:22:21.257,[0|10|20|30|40],[1|1|1|1|1],[1.525025|-5.187139|-3.949255|3.074153|5.304060]
03:22:21.374,[0|10|20|30|40],[1|1|1|1|1],[-1.386858|-5.439296|2.360643|4.364483|6.048080]
03:22:21.454,[0|10|20|30|40],[1|1|1|1|1],[-2.061000|-5.063533|2.328088|5.676491|7.121176]
03:22:21.554,[0|10|20|30|40],[1|1|1|1|1],[1.957614|4.150099|2.266811|6.742118|9.146624]
03:22:21.653,[0|10|20|30|40],[1|1|1|1|1],[2.621226|3.651398|2.910452|8.116160|12.137607]
03:22:21.754,[0|10|20|30|40],[1|1|1|1|1],[2.201127|2.996073|3.459631|8.617969|14.583807]
03:22:21.853,[0|10|20|30|40],[1|1|1|1|1],[1.297369|1.627600|3.922370|9.497841|15.729639]
03:22:21.953,[0|10|20|30|40],[1|1|1|1|1],[1.314955|2.504659|4.168023|9.006226|13.075016]
03:22:22.053,[0|10|20|30|40],[1|1|1|1|1],[1.264945|2.918926|3.549896|8.550797|11.317600]
03:22:22.156,[0|10|20|30|40],[1|1|1|1|1],[1.259665|3.041303|4.154611|9.332856|10.270522]
03:22:22.255,[0|10|20|30|40],[1|1|1|1|1],[1.000176|3.521071|4.691803|8.737409|9.840712]
03:22:22.374,[0|10|20|30|40],[1|1|1|1|1],[0.709683|3.028376|4.994726|6.791542|8.808804]
03:22:22.473,[0|10|20|30|40],[1|1|1|1|1],[0.910449|2.682087|6.735184|4.951964|8.040726]
03:22:22.574,[0|10|20|30|40],[1|1|1|1|1],[0.933943|3.253600|6.235421|2.321558|5.461764]
03:22:22.674,[0|10|20|30|40],[1|1|1|1|1],[1.124569|2.514057|3.957149|1.961651|4.349408]
03:22:22.752,[0|10|20|30|40],[1|1|1|1|1],[1.389835|2.797059|4.127555|2.003394|4.467890]
03:22:22.853,[0|10|20|30|40],[1|1|1|1|1],[0.997478|3.021475|4.087594|2.211030|4.670738]
03:22:22.958,[0|10|20|30|40],[1|1|1|1|1],[1.136153|3.276385|5.274642|2.528074|5.038789]
03:22:23.051,[0|10|20|30|40],[1|1|1|1|1],[1.366903|3.438222|4.898577|2.875559|5.289956]
03:22:23.154,[0|10|20|30|40],[1|1|1|1|1],[1.515633|-2.339595|3.457240|2.990861|5.276374]
03:22:23.254,[0|10|20|30|40],[1|1|1|1|1],[1.589835|2.759486|2.959096|2.886273|5.635872]
03:22:23.351,[0|10|20|30|40],[1|1|1|1|1],[-2.003229|3.442450|4.680762|3.879203|3.306198]
03:22:23.454,[0|10|20|30|40],[1|1|1|1|1],[-2.483250|4.071124|4.886867|5.376150|4.867746]
03:22:23.574,[0|10|20|30|40],[1|1|1|1|1],[1.604430|4.676721|5.806734|4.943778|5.587705]
03:22:23.657,[0|10|20|30|40],[1|1|1|1|1],[0.966710|4.085313|6.250587|4.910460|6.046946]
03:22:23.774,[0|10|20|30|40],[1|1|1|1|1],[1.417607|4.037621|5.739913|4.109190|7.023507]
03:22:23.874,[0|10|20|30|40],[1|1|1|1|1],[1.914246|4.879887|5.934743|3.686441|7.321600]
03:22:23.972,[0|10|20|30|40],[1|1|1|1|1],[2.258749|6.103331|5.836696|2.864022|5.662947]
03:22:24.052,[0|10|20|30|40],[1|1|1|1|1],[1.467464|5.942281|4.851211|-2.806487|4.726073]
03:22:24.167,[0|10|20|30|40],[1|1|1|1|1],[1.459286|6.511908|6.270056|-3.214858|-4.685414]
03:22:24.263,[0|10|20|30|40],[1|1|1|1|1],[1.568589|5.270247|6.678372|3.583095|-4.823102]
03:22:24.364,[0|10|20|30|40],[1|1|1|1|1],[2.107303|4.099304|5.504246|-3.096293|-4.795886]
03:22:24.466,[0|10|20|30|40],[1|1|1|1|1],[1.560280|4.383508|5.498172|2.970266|-4.710128]
03:22:24.566,[0|10|20|30|40],[1|1|1|1|1],[2.453683|4.168998|5.456139|3.630635|-5.352028]
03:22:24.661,[0|10|20|30|40],[1|1|1|1|1],[2.279349|4.581356|5.269207|4.165078|-4.951826]
03:22:24.765,[0|10|20|30|40],[1|1|1|1|1],[2.182011|4.251965|4.702429|4.513491|-3.929146]
03:22:24.862,[0|10|20|30|40],[1|1|1|1|1],[2.994026|4.130629|2.979260|5.362359|7.391052]
03:22:24.961,[0|10|20|30|40],[1|1|1|1|1],[2.895272|2.788750|-3.900896|5.517517|-9.037873]
03:22:25.061,[0|10|20|30|40],[1|1|1|1|1],[-0.767866|-1.931715|-3.113986|-6.832208|-11.060485]
03:22:25.166,[0|10|20|30|40],[1|1|1|1|1],[-0.823081|-2.599869|-4.201804|-9.464184|-11.507292]
03:22:25.267,[0|10|20|30|40],[1|1|1|1|1],[-1.090228|-4.327488|-5.148051|-12.108290|-11.870175]
03:22:25.368,[0|10|20|30|40],[1|1|1|1|1],[-1.277563|-4.826435|-7.413413|-12.607886|-13.945902]
03:22:25.464,[0|10|20|30|40],[1|1|1|1|1],[-1.586114|-6.501986|-9.891539|-14.093311|-14.591010]
03:22:25.564,[0|10|20|30|40],[1|1|1|1|1],[-2.075765|-7.008866|-10.414483|-11.428978|-11.303484]
03:22:25.663,[0|10|20|30|40],[1|1|1|1|1],[-2.862130|-7.396794|-10.590582|-11.874271|-11.388059]
03:22:25.764,[0|10|20|30|40],[1|1|1|1|1],[-3.161706|-7.061680|9.709050|-9.989645|-9.148170]
03:22:25.867,[0|10|20|30|40],[1|1|1|1|1],[3.760459|8.702666|10.370117|7.431622|10.310634]
03:22:25.961,[0|10|20|30|40],[1|1|1|1|1],[4.218971|9.106898|9.679135|7.915811|9.667696]
03:22:26.063,[0|10|20|30|40],[1|1|1|1|1],[3.820811|8.022806|8.678806|7.952342|10.552517]
03:22:26.164,[0|10|20|30|40],[1|1|1|1|1],[3.318980|7.466142|7.059580|7.779605|8.817535]
03:22:26.265,[0|10|20|30|40],[1|1|1|1|1],[3.655025|6.547853|8.225295|5.771493|8.919555]
03:22:26.363,[0|10|20|30|40],[1|1|1|1|1],[2.573849|6.515140|6.697782|5.830338|9.042794]
03:22:26.466,[0|10|20|30|40],[1|1|1|1|1],[3.215935|6.392046|6.305575|6.200494|6.693492]
03:22:26.567,[0|10|20|30|40],[1|1|1|1|1],[3.667197|6.680862|5.593030|6.361845|8.504808]
03:22:26.664,[0|10|20|30|40],[1|1|1|1|1],[3.335438|5.904581|4.924537|7.161924|10.217702]
03:22:26.766,[0|10|20|30|40],[1|1|1|1|1],[2.106962|6.442360|6.404296|8.213869|10.702920]
03:22:26.867,[0|10|20|30|40],[1|1|1|1|1],[1.412753|5.769480|6.296011|9.750899|12.178135]
03:22:26.963,[0|10|20|30|40],[1|1|1|1|1],[2.236834|6.570171|6.299820|9.784389|12.232964]
03:22:27.064,[0|10|20|30|40],[1|1|1|1|1],[2.686171|6.760009|6.767738|9.207207|11.380890]
03:22:27.166,[0|10|20|30|40],[1|1|1|1|1],[3.142505|5.911392|6.597023|9.869762|12.277020]
03:22:27.242,[0|10|20|30|40],[1|1|1|1|1],[2.788330|6.730767|8.819649|9.751616|9.166792]
03:22:27.365,[0|10|20|30|40],[1|1|1|1|1],[3.374053|6.727547|9.764847|8.758187|6.161756]
03:22:27.462,[0|10|20|30|40],[1|1|1|1|1],[3.034440|6.889281|8.950492|6.641431|4.957920]
03:22:27.567,[0|10|20|30|40],[1|1|1|1|1],[4.228435|9.367463|7.915380|5.496433|5.628562]
03:22:27.665,[0|10|20|30|40],[1|1|1|1|1],[4.392197|7.579794|7.110848|5.714738|4.692131]
03:22:27.766,[0|10|20|30|40],[1|1|1|1|1],[4.255497|7.089554|6.408171|5.268386|2.623016]
03:22:27.865,[0|10|20|30|40],[1|1|1|1|1],[4.578922|6.241629|6.271682|4.089508|3.834677]
03:22:27.965,[0|10|20|30|40],[1|1|1|1|1],[5.897136|6.819761|7.786401|3.716025|3.343964]
03:22:28.065,[0|10|20|30|40],[1|1|1|1|1],[5.476613|5.366507|6.489412|4.321673|4.574454]
03:22:28.165,[0|10|20|30|40],[1|1|1|1|1],[4.386578|4.454125|7.329860|3.838068|3.214765]
03:22:28.262,[0|10|20|30|40],[1|1|1|1|1],[3.791996|5.336811|6.779676|5.064246|1.995981]
03:22:28.365,[0|10|20|30|40],[1|1|1|1|1],[3.968427|6.021936|6.395340|5.236119|1.829851]
03:22:28.466,[0|10|20|30|40],[1|1|1|1|1],[1.703141|5.005273|5.023322|4.629087|4.243374]
03:22:28.566,[0|10|20|30|40],[1|1|1|1|1],[1.952731|6.004997|5.871643|6.634259|6.445205]
03:22:28.667,[0|10|20|30|40],[1|1|1|1|1],[2.086642|5.083598|6.702368|8.474570|6.805885]
03:22:28.762,[0|10|20|30|40],[1|1|1|1|1],[2.196128|5.633088|6.584857|7.322306|6.892562]
03:22:28.866,[0|10|20|30|40],[1|1|1|1|1],[-2.002652|5.050151|6.522438|7.690567|8.830225]
03:22:28.967,[0|10|20|30|40],[1|1|1|1|1],[-2.432888|4.694016|6.345271|7.751346|8.498454]
03:22:29.068,[0|10|20|30|40],[1|1|1|1|1],[-2.801612|5.081128|6.251142|8.111209|8.435678]
03:22:29.166,[0|10|20|30|40],[1|1|1|1|1],[-2.968246|5.510458|6.409449|7.796532|8.061743]
03:22:29.262,[0|10|20|30|40],[1|1|1|1|1],[-2.949891|5.838137|5.863583|8.405436|7.958257]
03:22:29.364,[0|10|20|30|40],[1|1|1|1|1],[-2.642550|-5.067349|-4.965124|5.311596|5.132997]
03:22:29.464,[0|10|20|30|40],[1|1|1|1|1],[-2.131463|-4.348732|-2.875936|-3.403467|3.599453]
03:22:29.562,[0|10|20|30|40],[1|1|1|1|1],[1.765104|-3.564631|-2.705929|-3.655386|3.228962]
03:22:29.665,[0|10|20|30|40],[1|1|1|1|1],[-1.623936|-5.551979|-4.716211|-3.545529|3.202832]
03:22:29.767,[0|10|20|30|40],[1|1|1|1|1],[-2.417767|-4.576495|2.876645|2.421027|3.871214]
03:22:29.861,[0|10|20|30|40],[1|1|1|1|1],[-1.963583|-4.104598|3.019515|2.509487|4.770100]
03:22:29.963,[0|10|20|30|40],[1|1|1|1|1],[-2.446901|-3.966712|3.981021|4.273725|4.069984]
