timestamp,distances,validty,bias
03:35:51.165,[0|10|20|30|40],[1|1|1|1|1],[2.608257|6.921649|14.080644|16.277885|-19.371510]
03:35:51.365,[0|10|20|30|40],[1|1|1|1|1],[2.949899|6.973741|11.105800|20.909071|-43.788338]
03:35:51.463,[0|10|20|30|40],[1|1|1|1|1],[2.743573|7.999831|11.948276|17.126274|-54.896069]
03:35:51.564,[0|10|20|30|40],[1|1|1|1|1],[2.746432|6.601003|7.632041|-15.564871|-39.808655]
03:35:51.664,[0|10|20|30|40],[1|1|1|1|1],[3.609758|7.731593|6.875038|-20.371866|-55.631828]
03:35:51.763,[0|10|20|30|40],[1|1|1|1|1],[2.143592|7.936078|3.749728|-25.149250|-30.377197]
03:35:51.860,[0|10|20|30|40],[1|1|1|1|1],[1.784235|6.384164|-3.866625|-31.676912|-47.226524]
03:35:51.961,[0|10|20|30|40],[1|1|1|1|1],[1.776722|5.282002|-4.280829|-26.875114|-53.916836]
03:35:52.061,[0|10|20|30|40],[1|1|1|1|1],[2.341745|5.266345|-3.818965|-25.513458|-76.130486]
03:35:52.163,[0|10|20|30|40],[1|1|1|1|1],[2.054741|4.131889|-3.775406|-17.505884|-72.440910]
03:35:52.263,[0|10|20|30|40],[1|1|1|1|1],[3.023081|3.473830|-4.975080|-21.741438|-85.214806]
03:35:52.361,[0|10|20|30|40],[1|1|1|1|1],[-2.378703|3.239429|5.343986|24.208927|54.792690]
03:35:52.461,[0|10|20|30|40],[1|1|1|1|1],[-3.470559|-3.441453|5.333924|23.563004|70.700165]
03:35:52.560,[0|10|20|30|40],[1|1|1|1|1],[-3.451551|-3.325641|4.762173|22.438002|35.190582]
03:35:52.665,[0|10|20|30|40],[1|1|1|1|1],[-4.041842|-2.103692|5.151105|33.609726|73.693375]
03:35:52.760,[0|10|20|30|40],[1|1|1|1|1],[-3.444707|1.544303|4.982615|33.548592|83.837891]
03:35:52.865,[0|10|20|30|40],[1|1|1|1|1],[-3.703812|2.194446|6.831765|44.570686|-76.008698]
03:35:52.962,[0|10|20|30|40],[1|1|1|1|1],[-3.923801|2.726990|8.511472|36.221790|-69.748497]
03:35:53.063,[0|10|20|30|40],[1|1|1|1|1],[-3.422065|2.898240|8.495760|36.912964|-29.737759]
03:35:53.160,[0|10|20|30|40],[1|1|1|1|1],[-4.094579|3.526080|10.085368|44.572926|-8.539295]
03:35:53.271,[0|10|20|30|40],[1|1|1|1|1],[-2.908351|-3.841692|-8.774161|-44.604729|-20.245266]
03:35:53.373,[0|10|20|30|40],[1|1|1|1|1],[-3.218173|-3.928578|-9.679294|-46.515419|12.979507]
03:35:53.464,[0|10|20|30|40],[1|1|1|1|1],[-2.361249|-5.343157|-9.003782|-41.623924|13.936901]
03:35:53.560,[0|10|20|30|40],[1|1|1|1|1],[-2.133423|-5.291796|-3.707671|-16.997004|-17.220879]
03:35:53.663,[0|10|20|30|40],[1|1|1|1|1],[-2.028101|2.862793|-3.057408|-20.303249|-19.193649]
03:35:53.765,[0|10|20|30|40],[1|1|1|1|0],[-1.053209|3.572941|3.377485|9.052992|0.000000]
03:35:53.863,[0|10|20|30|40],[1|1|1|1|0],[1.389580|3.515434|4.959536|11.329317|0.000000]
03:35:53.964,[0|10|20|30|40],[1|1|1|1|0],[-1.569805|3.818429|5.760670|14.265442|0.000000]
03:35:54.064,[0|10|20|30|40],[1|1|1|1|0],[-2.136535|-4.380780|6.401062|-25.645781|0.000000]
03:35:54.159,[0|10|20|30|40],[1|1|1|1|0],[-1.607484|-4.179704|6.746125|-33.614685|0.000000]
03:35:54.273,[0|10|20|30|40],[1|1|1|1|0],[-1.789773|-5.106491|-5.021071|-47.941444|0.000000]
03:35:54.371,[0|10|20|30|40],[1|1|1|1|0],[-2.880127|-6.810159|-6.054378|-61.518242|0.000000]
03:35:54.475,[0|10|20|30|40],[1|1|1|1|0],[-3.223775|-6.570631|-7.451749|-57.687523|0.000000]
03:35:54.574,[0|10|20|30|40],[1|1|1|1|0],[-2.944906|-7.935536|-9.696555|-49.150703|0.000000]
03:35:54.654,[0|10|20|30|40],[1|1|1|1|0],[-2.649860|-8.017713|-9.438181|-35.678577|0.000000]
03:35:54.755,[0|10|20|30|40],[1|1|1|1|0],[-3.954819|-9.206665|-12.162805|-22.518158|0.000000]
03:35:54.855,[0|10|20|30|40],[1|1|1|1|0],[-4.564920|-9.348053|-12.855983|-25.936794|0.000000]
03:35:54.954,[0|10|20|30|40],[1|1|1|1|0],[-3.256551|-6.812203|-6.997705|-27.557707|0.000000]
03:35:55.052,[0|10|20|30|40],[1|1|1|1|1],[-4.023168|-6.598764|-6.883669|-33.044815|-1.229382]
03:35:55.171,[0|10|20|30|40],[1|1|1|1|1],[-4.420656|-4.361338|6.014109|22.175980|-31.942844]
03:35:55.271,[0|10|20|30|40],[1|1|1|1|1],[-4.176447|-3.943789|6.004930|22.952652|6.056595]
03:35:55.372,[0|10|20|30|40],[1|1|1|1|0],[-4.129591|-4.958731|7.945108|23.147154|0.000000]
03:35:55.465,[0|10|20|30|40],[1|1|1|1|1],[-3.890634|-6.007731|7.002997|-9.876060|-4.164410]
03:35:55.564,[0|10|20|30|40],[1|1|1|1|1],[3.475736|-6.290060|8.232021|-16.962528|-0.276947]
03:35:55.664,[0|10|20|30|40],[1|1|1|1|1],[-3.700264|-6.317186|8.063030|-14.397049|-4.940128]
03:35:55.759,[0|10|20|30|40],[1|1|1|1|1],[-3.256513|-6.212306|3.109288|-19.837523|-28.114223]
03:35:55.864,[0|10|20|30|40],[1|1|1|1|1],[-3.613624|-4.547602|3.105903|-20.596504|-44.782066]
03:35:55.960,[0|10|20|30|40],[1|1|1|1|1],[-3.851725|-4.159003|2.756381|-29.218435|-51.266193]
03:35:56.063,[0|10|20|30|40],[1|1|1|1|1],[-4.102734|-3.582966|-2.902555|-14.063740|18.082142]
03:35:56.162,[0|10|20|30|40],[1|1|1|1|1],[-4.087004|-2.681905|-2.887225|-17.542839|14.055157]
03:35:56.262,[0|10|20|30|40],[1|1|1|1|1],[-2.909029|-2.129447|-3.228283|-21.834707|-19.851875]
03:35:56.365,[0|10|20|30|40],[1|1|1|1|1],[-2.451177|3.719997|-3.653836|-24.666500|-26.312447]
03:35:56.464,[0|10|20|30|40],[1|1|1|1|1],[-2.740983|4.598498|-5.963326|-30.636120|-41.070557]
03:35:56.565,[0|10|20|30|40],[1|1|1|1|1],[1.285229|4.824495|-6.663537|-36.194706|-78.524109]
03:35:56.662,[0|10|20|30|40],[1|1|1|1|1],[1.324568|5.782122|8.456039|24.271774|60.035992]
03:35:56.764,[0|10|20|30|40],[1|1|1|1|1],[1.653492|6.179786|7.341385|23.579884|79.265503]
03:35:56.861,[0|10|20|30|40],[1|1|1|1|1],[1.642786|6.068182|7.058144|32.638504|18.967247]
03:35:56.962,[0|10|20|30|40],[1|1|1|1|1],[2.201083|5.722433|9.045982|44.248055|32.565403]
03:35:57.060,[0|10|20|30|40],[1|1|1|1|1],[2.616655|6.562722|14.322519|53.162766|-29.537868]
03:35:57.165,[0|10|20|30|40],[1|1|1|1|1],[3.281058|9.083277|18.801546|61.551952|-56.151962]
03:35:57.263,[0|10|20|30|40],[1|1|1|1|1],[4.211544|9.905571|18.700386|69.447517|-60.805321]
03:35:57.364,[0|10|20|30|40],[1|1|1|1|1],[2.708885|9.316402|18.670059|65.856743|-19.262123]
03:35:57.460,[0|10|20|30|40],[1|1|1|1|1],[2.100421|13.430988|-20.591282|54.618118|-43.061066]
03:35:57.561,[0|10|20|30|40],[1|1|1|1|1],[-2.262532|-13.271772|-23.163963|-59.433510|-58.466434]
03:35:57.660,[0|10|20|30|40],[1|1|1|1|1],[-2.812624|-13.338023|-23.659897|-59.362316|-18.406487]
03:35:57.764,[0|10|20|30|40],[1|1|1|1|1],[-3.629191|-13.567627|-24.301815|-68.631073|-33.080292]
03:35:57.862,[0|10|20|30|40],[1|1|1|1|1],[-4.023764|-13.414025|-23.966980|-64.993050|-20.968723]
03:35:57.960,[0|10|20|30|40],[1|1|1|1|1],[-4.399173|-10.858715|-24.424553|-59.172104|-19.174957]
03:35:58.065,[0|10|20|30|40],[1|1|1|1|1],[-3.298290|-8.314347|-16.372013|-42.971706|-13.865471]
03:35:58.161,[0|10|20|30|40],[1|1|1|1|1],[-3.648408|-11.978638|-19.021606|-50.053932|-29.306698]
03:35:58.261,[0|10|20|30|40],[1|1|1|1|1],[-3.625969|-12.152063|-19.448112|-40.617180|-32.336235]
03:35:58.360,[0|10|20|30|40],[1|1|1|1|1],[-4.553053|-11.982614|-12.941194|-27.639103|-37.861729]
03:35:58.464,[0|10|20|30|40],[1|1|1|1|1],[-5.324072|-11.081439|-9.673023|-23.855495|10.546780]
03:35:58.561,[0|10|20|30|40],[1|1|1|1|1],[-5.963694|-12.671715|-10.216999|-22.286701|-18.824387]
03:35:58.665,[0|10|20|30|40],[1|1|1|1|1],[-4.562024|-12.008399|-8.123279|-17.905807|-29.379559]
03:35:58.761,[0|10|20|30|40],[1|1|1|1|1],[-4.958556|-10.945839|-10.120511|-22.356129|-36.592960]
03:35:58.861,[0|10|20|30|40],[1|1|1|1|1],[-4.599697|-9.182262|-11.117363|-22.261763|-47.756004]
03:35:58.964,[0|10|20|30|40],[1|1|1|1|1],[-4.914477|-12.478280|-15.070724|-24.743032|-33.909702]
03:35:59.064,[0|10|20|30|40],[1|1|1|1|1],[-2.835072|-12.797242|-13.803744|-15.671110|-26.199341]
03:35:59.162,[0|10|20|30|40],[1|1|1|1|1],[-3.504354|-14.143118|-13.113332|-17.855549|-24.652767]
03:35:59.260,[0|10|20|30|40],[1|1|1|1|1],[-4.420590|-12.149477|-10.389352|-21.855211|-37.599468]
03:35:59.364,[0|10|20|30|40],[1|1|1|1|1],[-5.185636|-15.780539|-10.557294|-19.536209|-44.194221]
03:35:59.460,[0|10|20|30|40],[1|1|1|1|1],[-3.996995|-13.077992|-9.108973|-16.689968|-52.620461]
03:35:59.560,[0|10|20|30|40],[1|1|1|1|1],[-5.091384|-12.544685|-7.727098|-13.619757|-61.594627]
03:35:59.667,[0|10|20|30|40],[1|1|1|1|1],[-5.219864|-9.491801|-7.181072|-15.097475|-18.178082]
03:35:59.766,[0|10|20|30|40],[1|1|1|1|1],[-6.363842|-10.081398|-3.922796|-13.311243|-20.622301]
03:35:59.864,[0|10|20|30|40],[1|1|1|1|1],[-6.514759|-8.230072|-4.782534|-6.177998|-25.116920]
03:35:59.962,[0|10|20|30|40],[1|1|1|1|1],[-7.532308|-8.118004|-4.170585|-7.254171|-29.783535]
03:36:00.062,[0|10|20|30|40],[1|1|1|1|1],[-8.592771|-8.353382|-6.501210|-7.341099|10.400820]
03:36:00.160,[0|10|20|30|40],[1|1|1|1|1],[-4.719018|-8.489490|-5.110681|8.098340|-11.800528]
03:36:00.263,[0|10|20|30|40],[1|1|1|1|1],[-5.130772|-7.149300|-4.889905|9.069061|-24.155521]
03:36:00.361,[0|10|20|30|40],[1|1|1|1|1],[-6.049707|-8.057538|-5.584180|-8.910537|-31.601858]
03:36:00.460,[0|10|20|30|40],[1|1|1|1|1],[-4.800472|-6.510279|-6.480134|-16.475248|-39.515305]
03:36:00.560,[0|10|20|30|40],[1|1|1|1|1],[-4.301251|-5.763042|-6.512582|-19.540192|-55.347061]
03:36:00.665,[0|10|20|30|40],[1|1|1|1|1],[-3.793836|-8.260036|-9.382593|-22.830820|-56.922485]
03:36:00.761,[0|10|20|30|40],[1|1|1|1|1],[-3.320509|-7.459918|-9.748686|-27.166080|-61.242912]
03:36:00.860,[0|10|20|30|40],[1|1|1|1|1],[-2.249148|-8.017558|-9.678734|-24.332571|-44.406796]
03:36:00.972,[0|10|20|30|40],[1|1|1|1|1],[-1.817269|-6.193995|9.809887|-26.049828|43.542908]
03:36:01.070,[0|10|20|30|40],[1|1|1|1|1],[-2.286814|-6.809404|11.539888|27.046658|39.356709]
03:36:01.174,[0|10|20|30|40],[1|1|1|1|1],[-2.808803|7.787773|10.527790|22.796011|33.527992]
03:36:01.270,[0|10|20|30|40],[1|1|1|1|1],[-2.998192|6.774342|10.457635|14.715672|21.807289]
03:36:01.371,[0|10|20|30|40],[1|1|1|1|1],[-3.690531|6.007213|5.695987|15.310359|25.167894]
03:36:01.473,[0|10|20|30|40],[1|1|1|1|1],[3.274924|6.003991|5.355620|11.771154|21.700668]
03:36:01.571,[0|10|20|30|40],[1|1|1|1|1],[3.115505|7.725564|11.857772|15.698624|26.459122]
03:36:01.651,[0|10|20|30|40],[1|1|1|1|1],[2.991537|8.879641|13.070261|17.330669|27.066660]
03:36:01.751,[0|10|20|30|40],[1|1|1|1|1],[3.573668|9.533146|13.363684|18.853140|30.165768]
03:36:01.854,[0|10|20|30|40],[1|1|1|1|1],[-4.324585|-10.722857|-12.807798|-17.475605|-26.020050]
03:36:01.970,[0|10|20|30|40],[1|1|1|1|1],[-3.678351|-13.300790|-15.074325|-19.722389|-28.170633]
03:36:02.055,[0|10|20|30|40],[1|1|1|1|1],[-2.650342|-15.242179|-17.397833|-16.786861|-22.663069]
03:36:02.173,[0|10|20|30|40],[1|1|1|1|1],[-4.090559|-15.973488|-16.365517|-17.715120|-20.827961]
03:36:02.250,[0|10|20|30|40],[1|1|1|1|1],[-5.531705|-18.035616|-17.446268|-14.799666|-13.029718]
03:36:02.373,[0|10|20|30|40],[1|1|1|1|1],[-7.667018|-19.882404|-15.818143|-12.315106|-10.829163]
03:36:02.474,[0|10|20|30|40],[1|1|1|1|1],[-5.474377|-17.464838|-15.060306|-10.498261|-10.636282]
03:36:02.574,[0|10|20|30|40],[1|1|1|1|1],[-6.275973|-19.020584|-14.108646|-10.729694|-10.304856]
03:36:02.654,[0|10|20|30|40],[1|1|1|1|1],[-7.351558|-19.360226|-13.041914|-8.573413|-7.755733]
03:36:02.772,[0|10|20|30|40],[1|1|1|1|1],[-8.350350|-16.793642|-10.529673|-5.236173|7.056475]
03:36:02.870,[0|10|20|30|40],[1|1|1|1|1],[-6.870415|-13.600463|-9.887468|-4.857755|7.304287]
03:36:02.971,[0|10|20|30|40],[1|1|1|1|1],[-6.174252|-11.019182|-8.997130|-5.229187|7.508469]
03:36:03.054,[0|10|20|30|40],[1|1|1|1|1],[-6.290749|-11.173386|-7.187700|-5.256534|7.600880]
03:36:03.154,[0|10|20|30|40],[1|1|1|1|1],[-4.869855|-8.544266|-6.086683|-5.250025|-5.318379]
03:36:03.250,[0|10|20|30|40],[1|1|1|1|1],[-4.875432|-7.462579|-5.123675|3.857565|6.451130]
03:36:03.370,[0|10|20|30|40],[1|1|1|1|1],[-4.546800|-6.271803|-5.799800|-5.622435|-6.172228]
03:36:03.474,[0|10|20|30|40],[1|1|1|1|1],[-5.313654|-6.226769|-5.820590|-5.450404|6.297255]
03:36:03.571,[0|10|20|30|40],[1|1|1|1|1],[-5.858801|-6.207850|-5.742300|-5.241799|-6.486678]
03:36:03.674,[0|10|20|30|40],[1|1|1|1|1],[-4.694821|-5.079823|-5.916256|-5.092251|-6.468451]
03:36:03.774,[0|10|20|30|40],[1|1|1|1|1],[-4.064197|-3.868678|-6.067056|-5.305183|7.137454]
03:36:03.873,[0|10|20|30|40],[1|1|1|1|1],[-4.056905|-4.291725|-6.268602|-5.586207|7.264733]
03:36:03.955,[0|10|20|30|40],[1|1|1|1|1],[-4.347561|-4.590279|-6.239718|-5.712759|7.518911]
03:36:04.055,[0|10|20|30|40],[1|1|1|1|1],[-3.655748|-5.348602|-6.170577|-5.970538|8.724952]
03:36:04.170,[0|10|20|30|40],[1|1|1|1|1],[-3.579591|-3.897574|-5.029130|-6.205595|9.437477]
03:36:04.253,[0|10|20|30|40],[1|1|1|1|1],[-2.561623|-2.921274|-3.054643|5.506354|9.875316]
03:36:04.371,[0|10|20|30|40],[1|1|1|1|1],[-2.740441|-2.953544|-3.956932|4.905236|10.153127]
03:36:04.471,[0|10|20|30|40],[1|1|1|1|1],[-3.175010|-4.091050|-4.267174|4.439479|6.908366]
03:36:04.551,[0|10|20|30|40],[1|1|1|1|1],[-3.271401|-4.162501|-4.333478|4.697296|10.423127]
03:36:04.674,[0|10|20|30|40],[1|1|1|1|1],[-3.530100|-4.225267|-5.717340|-4.016153|10.877728]
03:36:04.752,[0|10|20|30|40],[1|1|1|1|1],[-3.529683|-5.799922|-6.385962|4.388748|11.012824]
03:36:04.875,[0|10|20|30|40],[1|1|1|1|1],[-3.921594|-6.201508|-6.911335|4.335166|8.790713]
03:36:04.975,[0|10|20|30|40],[1|1|1|1|1],[-3.479299|-4.325103|-5.986855|4.589903|8.919353]
03:36:05.069,[0|10|20|30|40],[1|1|1|1|1],[-3.454183|-3.415429|-4.451997|-6.434409|9.645963]
03:36:05.156,[0|10|20|30|40],[1|1|1|1|1],[-2.737117|-3.441846|-5.061497|-6.574434|6.265187]
03:36:05.274,[0|10|20|30|40],[1|1|1|1|1],[-2.265289|-3.069319|6.113356|8.122584|8.136493]
03:36:05.370,[0|10|20|30|40],[1|1|1|1|1],[-2.313846|-2.878620|6.848097|8.119509|8.198797]
03:36:05.475,[0|10|20|30|40],[1|1|1|1|1],[-2.376916|4.156745|8.588188|9.695965|8.823252]
03:36:05.571,[0|10|20|30|40],[1|1|1|1|1],[-1.819141|2.930545|6.624221|8.569754|7.836735]
03:36:05.673,[0|10|20|30|40],[1|1|1|1|1],[-1.537906|4.867957|6.865507|8.477879|8.019745]
03:36:05.751,[0|10|20|30|40],[1|1|1|1|1],[-1.638081|4.193490|5.611749|7.762003|7.668066]
03:36:05.873,[0|10|20|30|40],[1|1|1|1|1],[-2.045280|5.594729|7.126111|7.796383|7.784295]
03:36:05.975,[0|10|20|30|40],[1|1|1|1|1],[-2.361558|5.510965|6.619737|7.693953|7.835114]
03:36:06.074,[0|10|20|30|40],[1|1|1|1|1],[-2.684318|5.210756|6.992793|7.744187|9.976948]
03:36:06.171,[0|10|20|30|40],[1|1|1|1|1],[-2.913678|-4.486702|-3.401372|-5.378103|-6.534791]
03:36:06.270,[0|10|20|30|40],[1|1|1|1|1],[-3.222165|-4.393630|-3.406507|-5.505604|-6.271756]
03:36:06.376,[0|10|20|30|40],[1|1|1|1|1],[-3.504023|-2.809685|-3.433961|-4.382813|-5.697417]
03:36:06.456,[0|10|20|30|40],[1|1|1|1|1],[-3.496120|-2.705432|-3.510720|-4.417884|-5.921137]
03:36:06.551,[0|10|20|30|40],[1|1|1|1|1],[2.188963|-2.933548|-3.947613|-6.256652|-8.002531]
03:36:06.670,[0|10|20|30|40],[1|1|1|1|1],[2.495304|-2.994647|-4.470515|-5.801553|-8.994019]
03:36:06.773,[0|10|20|30|40],[1|1|1|1|1],[2.505817|2.666754|-3.261286|-6.110549|-8.339083]
03:36:06.874,[0|10|20|30|40],[1|1|1|1|1],[1.554931|-3.961268|-4.594726|-6.442845|-8.876729]
03:36:06.975,[0|10|20|30|40],[1|1|1|1|1],[-1.480261|-4.389247|-4.370415|-6.011933|-6.762588]
03:36:07.071,[0|10|20|30|40],[1|1|1|1|1],[-1.116976|-3.432301|-5.472696|-6.079465|-5.187714]
03:36:07.174,[0|10|20|30|40],[1|1|1|1|1],[-1.341713|-4.288110|-6.294232|-4.784226|-4.895890]
03:36:07.273,[0|10|20|30|40],[1|1|1|1|1],[-1.593292|-5.074000|-5.086094|-3.967375|-5.247092]
03:36:07.374,[0|10|20|30|40],[1|1|1|1|1],[-1.981099|-5.417106|-5.649233|-4.627562|-2.944767]
03:36:07.472,[0|10|20|30|40],[1|1|1|1|1],[-1.579601|-4.070356|-4.983735|-4.448194|-3.121912]
03:36:07.572,[0|10|20|30|40],[1|1|1|1|1],[-1.985922|-4.028249|-5.149776|-3.805667|2.946162]
03:36:07.670,[0|10|20|30|40],[1|1|1|1|1],[-2.373780|-4.513738|-6.154275|-4.329705|3.093433]
03:36:07.770,[0|10|20|30|40],[1|1|1|1|1],[-2.716289|-3.698367|-5.081522|-4.016513|3.148651]
03:36:07.855,[0|10|20|30|40],[1|1|1|1|1],[-2.915451|-3.706115|-4.237956|-3.712666|3.135967]
03:36:07.955,[0|10|20|30|40],[1|1|1|1|1],[1.888703|-2.349299|-4.341602|-4.449421|-3.413284]
03:36:08.055,[0|10|20|30|40],[1|1|1|1|1],[1.812239|-2.711210|-4.128128|-4.553241|-3.164005]
03:36:08.173,[0|10|20|30|40],[1|1|1|1|1],[-1.671986|-3.197432|-4.110277|-4.448545|-3.436708]
03:36:08.275,[0|10|20|30|40],[1|1|1|1|1],[-1.679049|-2.154511|-2.857888|-3.591973|-3.851104]
03:36:08.375,[0|10|20|30|40],[1|1|1|1|1],[-1.758803|-2.232793|-2.126032|-2.765614|5.123150]
03:36:08.475,[0|10|20|30|40],[1|1|1|1|1],[-1.817003|-2.265751|-2.107036|-2.819967|5.807882]
03:36:08.574,[0|10|20|30|40],[1|1|1|1|1],[-1.136482|1.812690|-1.470602|-2.922636|6.461793]
03:36:08.674,[0|10|20|30|40],[1|1|1|1|1],[-1.311088|-1.577610|-1.662570|-2.714986|6.948757]
03:36:08.770,[0|10|20|30|40],[1|1|1|1|1],[-1.404184|-1.440546|-1.941538|2.778000|7.139862]
03:36:08.853,[0|10|20|30|40],[1|1|1|1|1],[-1.499045|-1.297617|2.769428|3.264832|7.278520]
03:36:08.973,[0|10|20|30|40],[1|1|1|1|1],[-0.994819|1.895770|3.303564|2.992344|6.040615]
03:36:09.053,[0|10|20|30|40],[1|1|1|1|1],[-1.085055|2.147180|3.168025|3.249168|5.092272]
03:36:09.174,[0|10|20|30|40],[1|1|1|1|1],[-1.525658|2.680340|4.638558|4.470179|6.660113]
03:36:09.275,[0|10|20|30|40],[1|1|1|1|1],[-1.081321|3.203940|6.806576|6.443653|6.482896]
03:36:09.374,[0|10|20|30|40],[1|1|1|1|1],[-0.916153|3.927416|6.619775|6.387839|6.383842]
03:36:09.475,[0|10|20|30|40],[1|1|1|1|1],[-0.865597|4.787502|6.184137|6.263030|6.471466]
03:36:09.572,[0|10|20|30|40],[1|1|1|1|1],[1.126117|5.364725|6.273860|6.132779|-6.765252]
03:36:09.672,[0|10|20|30|40],[1|1|1|1|1],[-1.498830|5.055275|6.275683|6.060889|7.628267]
03:36:09.772,[0|10|20|30|40],[1|1|1|1|1],[-1.976776|4.420501|6.207287|6.253779|8.479209]
03:36:09.874,[0|10|20|30|40],[1|1|1|1|1],[-2.410197|4.613975|4.943952|6.166681|9.617692]
03:36:09.975,[0|10|20|30|40],[1|1|1|1|1],[-2.840385|4.724735|-5.449039|6.327967|10.743578]
