timestamp,distances,validty,bias
03:25:12.066,[0|10|20|30|40],[1|1|1|1|1],[2.062345|2.466324|2.222061|-3.317356|-6.928945]
03:25:12.164,[0|10|20|30|40],[1|1|1|1|1],[2.174845|2.328840|1.905829|-4.217398|-7.177854]
03:25:12.262,[0|10|20|30|40],[1|1|1|1|1],[2.188568|1.998138|1.494735|-4.518938|-7.716084]
03:25:12.367,[0|10|20|30|40],[1|1|1|1|1],[2.243473|2.027649|-1.754361|-5.748653|-8.063579]
03:25:12.467,[0|10|20|30|40],[1|1|1|1|1],[2.285747|-2.449126|-2.166736|-6.677735|8.179951]
03:25:12.561,[0|10|20|30|40],[1|1|1|1|1],[1.067219|-2.546069|-2.487737|-7.091188|8.152723]
03:25:12.662,[0|10|20|30|40],[1|1|1|1|1],[1.129197|-2.811861|-2.825296|6.538451|9.570622]
03:25:12.763,[0|10|20|30|40],[1|1|1|1|1],[-1.168007|-2.593088|-2.739751|7.540107|8.460665]
03:25:12.865,[0|10|20|30|40],[1|1|1|1|1],[-1.253003|-2.960053|-4.926008|2.795494|-3.673744]
03:25:12.965,[0|10|20|30|40],[1|1|1|1|1],[-1.025309|-3.118697|-5.112040|2.600455|-3.741479]
03:25:13.064,[0|10|20|30|40],[1|1|1|1|1],[-1.296338|2.608186|-4.759854|2.938318|-5.270100]
03:25:13.165,[0|10|20|30|40],[1|1|1|1|1],[-1.482496|3.041544|4.159057|3.139138|-5.100632]
03:25:13.265,[0|10|20|30|40],[1|1|1|1|1],[-1.587040|3.583941|3.868484|-3.378201|-3.969836]
03:25:13.365,[0|10|20|30|40],[1|1|1|1|1],[1.877919|5.098498|5.065608|-3.197217|-4.245687]
03:25:13.468,[0|10|20|30|40],[1|1|1|1|1],[2.150726|4.905522|4.192269|-3.311062|-5.342007]
03:25:13.570,[0|10|20|30|40],[1|1|1|1|1],[2.326696|5.176318|4.098678|-3.335857|-6.293011]
03:25:13.664,[0|10|20|30|40],[1|1|1|1|1],[2.477276|5.967477|4.853785|-3.330803|-7.528400]
03:25:13.763,[0|10|20|30|40],[1|1|1|1|1],[-2.391829|5.170444|4.477191|-3.653693|-8.739877]
03:25:13.862,[0|10|20|30|40],[1|1|1|1|1],[-2.676882|5.437663|4.642093|-4.582977|-10.907006]
03:25:13.961,[0|10|20|30|40],[1|1|1|1|1],[-2.988307|5.500465|4.546034|-5.353355|-11.957002]
03:25:14.064,[0|10|20|30|40],[1|1|1|1|1],[-3.276704|5.145767|4.029262|-4.217124|-9.811068]
03:25:14.166,[0|10|20|30|40],[1|1|1|1|1],[3.440840|4.090118|3.201354|-5.540538|-8.782554]
03:25:14.262,[0|10|20|30|40],[1|1|1|1|1],[3.989050|4.452395|2.379894|-6.157398|-8.783984]
03:25:14.364,[0|10|20|30|40],[1|1|1|1|1],[4.169421|4.043287|1.735604|-8.581710|-12.301350]
03:25:14.466,[0|10|20|30|40],[1|1|1|1|1],[4.004838|2.381256|-2.053440|-11.703539|-11.123943]
03:25:14.563,[0|10|20|30|40],[1|1|1|1|1],[4.197037|1.960421|-4.935443|-11.898804|-10.791063]
03:25:14.664,[0|10|20|30|40],[1|1|1|1|1],[4.206833|-1.315731|-5.374873|-12.237287|-10.190916]
03:25:14.767,[0|10|20|30|40],[1|1|1|1|1],[3.954740|-2.132151|-6.821597|-13.682890|-11.927176]
03:25:14.866,[0|10|20|30|40],[1|1|1|1|1],[3.198363|-2.920607|-7.582581|-14.581966|-15.921831]
03:25:14.963,[0|10|20|30|40],[1|1|1|1|1],[2.889386|-3.596061|-8.155584|-14.345622|-16.857576]
03:25:15.064,[0|10|20|30|40],[1|1|1|1|1],[1.755616|-3.993952|-7.205999|-16.601730|-17.844963]
03:25:15.156,[0|10|20|30|40],[1|1|1|1|1],[1.067574|-4.207450|-7.223582|-17.590714|-17.940140]
03:25:15.257,[0|10|20|30|40],[1|1|1|1|1],[1.278903|-4.167640|-5.509031|-14.084291|-13.888741]
03:25:15.357,[0|10|20|30|40],[1|1|1|1|1],[1.870641|2.568567|-6.052959|-15.172601|-18.798208]
03:25:15.453,[0|10|20|30|40],[1|1|1|1|1],[2.569309|2.575743|-7.595372|-14.511681|-19.895172]
03:25:15.555,[0|10|20|30|40],[1|1|1|1|1],[2.004042|2.624005|-7.431233|-16.175365|-23.556042]
03:25:15.674,[0|10|20|30|40],[1|1|1|1|1],[2.726620|-3.589588|-7.895374|-14.738631|-24.827528]
03:25:15.775,[0|10|20|30|40],[1|1|1|1|1],[-2.691874|-3.875417|-5.190742|-14.852190|-25.671577]
03:25:15.874,[0|10|20|30|40],[1|1|1|1|1],[-2.779880|-2.776510|-5.663443|-14.344215|-26.369333]
03:25:15.953,[0|10|20|30|40],[1|1|1|1|1],[-3.011775|-1.982784|-7.279944|-14.855886|-25.150156]
03:25:16.056,[0|10|20|30|40],[1|1|1|1|1],[-2.956870|-3.866154|-7.793558|-14.372349|-22.544956]
03:25:16.155,[0|10|20|30|40],[1|1|1|1|1],[-2.869668|-4.320544|-8.212603|-17.236042|-23.652363]
03:25:16.254,[0|10|20|30|40],[1|1|1|1|1],[-2.856383|-2.709085|-5.183995|-13.521075|-21.440935]
03:25:16.357,[0|10|20|30|40],[1|1|1|1|1],[-2.235645|-3.118813|-6.684017|-14.818144|-23.501348]
03:25:16.451,[0|10|20|30|40],[1|1|1|1|1],[-2.036717|-2.477598|-6.384075|-16.839958|-26.834059]
03:25:16.552,[0|10|20|30|40],[1|1|1|1|1],[1.987100|-2.908498|-9.800446|-17.421936|-25.155020]
03:25:16.657,[0|10|20|30|40],[1|1|1|1|1],[2.154672|-3.427356|-9.735632|-18.240189|-25.773859]
03:25:16.752,[0|10|20|30|40],[1|1|1|1|1],[2.292535|-3.940499|9.512770|16.421223|24.364090]
03:25:16.871,[0|10|20|30|40],[1|1|1|1|1],[-1.923302|4.564327|11.289156|17.817545|25.612068]
03:25:16.958,[0|10|20|30|40],[1|1|1|1|1],[-1.718834|6.035238|9.448481|14.762306|21.783066]
03:25:17.052,[0|10|20|30|40],[1|1|1|1|1],[-1.908368|4.875922|9.173274|15.229702|21.774721]
03:25:17.152,[0|10|20|30|40],[1|1|1|1|1],[1.154393|5.993122|10.604132|18.154669|29.300833]
03:25:17.258,[0|10|20|30|40],[1|1|1|1|1],[1.230669|5.917060|9.449625|16.756081|28.227520]
03:25:17.356,[0|10|20|30|40],[1|1|1|1|1],[1.453149|5.195242|7.524598|16.052605|24.766827]
03:25:17.455,[0|10|20|30|40],[1|1|1|1|1],[1.614738|4.138720|7.527483|15.018368|26.069927]
03:25:17.556,[0|10|20|30|40],[1|1|1|1|1],[2.145860|6.197959|11.872649|19.642662|30.090570]
03:25:17.658,[0|10|20|30|40],[1|1|1|1|1],[-1.419652|-5.659139|-11.352026|-18.610811|-30.608892]
03:25:17.757,[0|10|20|30|40],[1|1|1|1|1],[-2.027789|-8.149153|-11.855661|-22.289730|-31.983042]
03:25:17.854,[0|10|20|30|40],[1|1|1|1|1],[-2.675563|-9.076905|-12.737989|-22.304058|-32.830070]
03:25:17.972,[0|10|20|30|40],[1|1|1|1|1],[-3.829446|-10.079211|-14.597321|-23.231697|-35.797119]
03:25:18.074,[0|10|20|30|40],[1|1|1|1|1],[-3.839362|-6.763297|-11.492062|-18.336178|-28.247023]
03:25:18.172,[0|10|20|30|40],[1|1|1|1|1],[3.885841|-6.129134|-10.762072|-18.643211|-31.450199]
03:25:18.272,[0|10|20|30|40],[1|1|1|1|1],[-4.491061|-6.773877|-13.093864|-20.128059|-27.968288]
03:25:18.377,[0|10|20|30|40],[1|1|1|1|1],[-5.364501|-6.854963|-11.442745|-18.218208|-30.034399]
03:25:18.476,[0|10|20|30|40],[1|1|1|1|1],[-4.734075|-4.957801|-9.572304|-18.076944|-29.036068]
03:25:18.554,[0|10|20|30|40],[1|1|1|1|1],[-4.706061|-5.834842|-9.590399|-16.049599|-25.863504]
03:25:18.653,[0|10|20|30|40],[1|1|1|1|1],[-4.706198|-6.581402|-10.362827|-15.349364|-22.800159]
03:25:18.755,[0|10|20|30|40],[1|1|1|1|1],[-4.604969|-8.716059|-12.539185|-17.215061|-27.771568]
03:25:18.856,[0|10|20|30|40],[1|1|1|1|1],[-3.790882|-7.041800|-13.597393|-20.304489|-26.093435]
03:25:18.957,[0|10|20|30|40],[1|1|1|1|1],[-3.448874|-7.984895|-12.471342|-18.660618|-23.991943]
03:25:19.055,[0|10|20|30|40],[1|1|1|1|1],[-2.013385|-5.648196|-12.356556|-17.944479|-21.996189]
03:25:19.158,[0|10|20|30|40],[1|1|1|1|1],[-1.854911|-6.137067|-13.988363|-19.276356|-26.534939]
03:25:19.257,[0|10|20|30|40],[1|1|1|1|1],[-2.880818|-7.034826|-13.878119|-16.166210|-21.574879]
03:25:19.357,[0|10|20|30|40],[1|1|1|1|1],[-3.765306|-7.864815|-11.785185|-14.206815|-20.749737]
03:25:19.457,[0|10|20|30|40],[1|1|1|1|1],[2.972653|-6.484824|-12.789190|-17.251158|-24.615742]
03:25:19.556,[0|10|20|30|40],[1|1|1|1|1],[-4.390451|-8.262312|-13.436699|-17.502785|-26.498913]
03:25:19.655,[0|10|20|30|40],[1|1|1|1|1],[-4.271564|-10.306520|-12.119508|-15.757513|-26.003624]
03:25:19.752,[0|10|20|30|40],[1|1|1|1|1],[-3.940126|-7.580608|-10.482109|-18.589544|-29.624653]
03:25:19.862,[0|10|20|30|40],[1|1|1|1|1],[-4.014632|-7.458204|-10.025620|-20.600843|-32.252335]
03:25:19.965,[0|10|20|30|40],[1|1|1|1|1],[-3.719530|-6.667644|-10.779572|-24.392868|-37.208176]
03:25:20.061,[0|10|20|30|40],[1|1|1|1|1],[-3.989992|-9.203845|-8.733213|-22.572327|-39.683197]
03:25:20.164,[0|10|20|30|40],[1|1|1|1|1],[-5.087080|-10.279650|-9.894896|-25.239445|-42.765785]
03:25:20.265,[0|10|20|30|40],[1|1|1|1|1],[-3.932863|-7.955676|-10.360742|-25.688576|-40.811611]
03:25:20.364,[0|10|20|30|40],[1|1|1|1|1],[-4.368138|-7.447231|-10.561264|-27.765919|-45.977806]
03:25:20.461,[0|10|20|30|40],[1|1|1|1|1],[-5.068958|-6.988955|-13.901747|-29.186367|-47.425533]
03:25:20.563,[0|10|20|30|40],[1|1|1|1|1],[-4.097641|-7.245457|-13.955259|-26.646233|-44.099281]
03:25:20.662,[0|10|20|30|40],[1|1|1|1|1],[-4.167360|-8.549536|-13.074505|-26.038097|-42.001152]
03:25:20.761,[0|10|20|30|40],[1|1|1|1|1],[-3.305042|-6.833095|-12.170887|-23.572922|-36.660194]
03:25:20.863,[0|10|20|30|40],[1|1|1|1|1],[-3.891867|-7.893980|-14.788222|-24.300432|-33.951569]
03:25:20.962,[0|10|20|30|40],[1|1|1|1|1],[-2.571285|-8.890306|-12.083685|-20.677328|-29.343605]
03:25:21.061,[0|10|20|30|40],[1|1|1|1|1],[-3.554076|10.523826|12.923384|20.429253|25.532818]
03:25:21.164,[0|10|20|30|40],[1|1|1|1|1],[-4.711568|10.899085|11.794734|19.187714|23.556019]
03:25:21.264,[0|10|20|30|40],[1|1|1|1|1],[-4.316315|9.368425|9.948885|15.998769|20.454645]
03:25:21.367,[0|10|20|30|40],[1|1|1|1|1],[-3.054869|6.746709|9.014690|16.782497|21.004295]
03:25:21.461,[0|10|20|30|40],[1|1|1|1|1],[2.272782|7.200527|9.909189|17.642021|21.199059]
03:25:21.561,[0|10|20|30|40],[1|1|1|1|1],[2.729032|8.619165|12.288940|15.406799|20.905781]
03:25:21.661,[0|10|20|30|40],[1|1|1|1|1],[3.595450|10.348147|11.498427|15.102839|21.108650]
03:25:21.764,[0|10|20|30|40],[1|1|1|1|1],[2.717057|8.017373|11.965895|13.543797|22.565769]
03:25:21.861,[0|10|20|30|40],[1|1|1|1|1],[4.689470|8.813536|10.984921|13.493085|29.637718]
03:25:21.961,[0|10|20|30|40],[1|1|1|1|1],[-5.155432|-8.397633|-9.028649|-16.157269|-29.888964]
03:25:22.061,[0|10|20|30|40],[1|1|1|1|1],[-5.947208|-9.553713|-9.047567|-15.583754|-29.708576]
03:25:22.165,[0|10|20|30|40],[1|1|1|1|1],[-6.493935|-9.165049|-8.580923|-17.189289|-30.468964]
03:25:22.264,[0|10|20|30|40],[1|1|1|1|1],[-7.063031|-7.605272|-7.274628|-18.328594|-29.629040]
03:25:22.364,[0|10|20|30|40],[1|1|1|1|1],[-5.642671|-9.780682|-11.290920|-18.912315|-28.644514]
03:25:22.465,[0|10|20|30|40],[1|1|1|1|1],[-3.616172|-9.107626|-10.886728|-19.875790|-31.194187]
03:25:22.562,[0|10|20|30|40],[1|1|1|1|1],[-2.581042|-8.228570|-10.679579|-20.709682|-32.831097]
03:25:22.665,[0|10|20|30|40],[1|1|1|1|1],[-3.093478|-8.013958|-12.204874|-24.322796|-37.633369]
03:25:22.764,[0|10|20|30|40],[1|1|1|1|1],[-4.482612|-8.894282|-11.421824|-24.460625|-35.165237]
03:25:22.863,[0|10|20|30|40],[1|1|1|1|1],[-5.841744|-8.233631|-10.941601|-23.649143|-36.152863]
03:25:22.964,[0|10|20|30|40],[1|1|1|1|1],[-5.525601|-7.547438|-13.329482|-21.692038|-35.214733]
03:25:23.061,[0|10|20|30|40],[1|1|1|1|1],[-6.143385|-6.398344|-11.550260|-23.210884|-38.286636]
03:25:23.152,[0|10|20|30|40],[1|1|1|1|1],[-6.255248|-5.409354|-13.065910|-25.675440|-37.225937]
03:25:23.255,[0|10|20|30|40],[1|1|1|1|1],[-2.399194|-6.647259|-12.762392|-23.097157|-34.830261]
03:25:23.372,[0|10|20|30|40],[1|1|1|1|1],[-3.574842|-7.801270|-11.855626|-19.878435|-31.773520]
03:25:23.474,[0|10|20|30|40],[1|1|1|1|1],[-4.243579|-7.378054|-13.329506|-21.384573|-30.301498]
03:25:23.571,[0|10|20|30|40],[1|1|1|1|1],[-5.000195|-9.913906|-12.371885|-18.552471|-31.514263]
03:25:23.660,[0|10|20|30|40],[1|1|1|1|1],[-4.807136|-8.895135|-11.372590|-18.578243|-28.111172]
03:25:23.776,[0|10|20|30|40],[1|1|1|1|1],[-5.293509|-9.468714|-9.906446|-15.736580|-27.845907]
03:25:23.873,[0|10|20|30|40],[1|1|1|1|1],[-6.061501|-8.756155|-9.766090|-16.428970|-24.582123]
03:25:23.977,[0|10|20|30|40],[1|1|1|1|1],[-6.833145|-8.707383|-8.606124|-15.807986|-22.948383]
03:25:24.073,[0|10|20|30|40],[1|1|1|1|1],[-7.345533|-8.734912|-11.985815|-19.361328|-25.596165]
03:25:24.156,[0|10|20|30|40],[1|1|1|1|1],[-6.576845|-8.919748|-11.078382|-14.221263|-20.577288]
03:25:24.254,[0|10|20|30|40],[1|1|1|1|1],[-5.890369|-8.985535|-11.289608|-15.194821|-20.773052]
03:25:24.351,[0|10|20|30|40],[1|1|1|1|1],[-5.926853|-6.985831|-8.369816|-13.179350|-18.380665]
03:25:24.454,[0|10|20|30|40],[1|1|1|1|1],[-2.984932|-7.464662|-6.749642|-12.093258|-18.965267]
03:25:24.557,[0|10|20|30|40],[1|1|1|1|1],[-3.682637|-8.278590|-7.383108|-14.664245|-21.058607]
03:25:24.655,[0|10|20|30|40],[1|1|1|1|1],[-3.453678|-9.605736|-6.708717|-10.656166|-19.035603]
03:25:24.774,[0|10|20|30|40],[1|1|1|1|1],[-4.016158|-7.945233|-6.931722|-11.724305|-20.919466]
03:25:24.873,[0|10|20|30|40],[1|1|1|1|1],[-4.502779|-7.801312|-8.049488|-13.580275|-23.374987]
03:25:24.974,[0|10|20|30|40],[1|1|1|1|1],[-3.097066|-8.575648|-8.088839|-12.386680|-25.143385]
03:25:25.073,[0|10|20|30|40],[1|1|1|1|1],[-4.015920|-8.898407|-7.857728|-14.169073|-30.456495]
03:25:25.155,[0|10|20|30|40],[1|1|1|1|1],[-4.661951|-9.091419|-8.099234|-15.420675|-32.048630]
03:25:25.256,[0|10|20|30|40],[1|1|1|1|1],[-5.770678|-7.944399|-8.104300|-18.387867|-31.227184]
03:25:25.354,[0|10|20|30|40],[1|1|1|1|1],[3.623016|5.684900|4.403698|-9.850383|-20.660639]
03:25:25.464,[0|10|20|30|40],[1|1|1|1|1],[3.710908|5.699402|6.340086|11.367583|15.873742]
03:25:25.563,[0|10|20|30|40],[1|1|1|1|1],[3.260089|5.968958|7.894337|13.293815|16.480780]
03:25:25.667,[0|10|20|30|40],[1|1|1|1|1],[4.543282|7.479438|6.923091|11.885500|14.902258]
03:25:25.763,[0|10|20|30|40],[1|1|1|1|1],[4.817478|7.588821|7.118320|11.205339|16.867184]
03:25:25.865,[0|10|20|30|40],[1|1|1|1|1],[4.096589|8.437511|10.699881|14.434195|17.162418]
03:25:25.961,[0|10|20|30|40],[1|1|1|1|1],[4.987903|9.778193|11.951483|14.679980|19.345093]
03:25:26.067,[0|10|20|30|40],[1|1|1|1|1],[5.875118|10.551950|11.920261|15.709114|21.572803]
03:25:26.163,[0|10|20|30|40],[1|1|1|1|1],[4.969281|-9.878206|-12.311781|-16.440414|18.961477]
03:25:26.267,[0|10|20|30|40],[1|1|1|1|1],[-4.831341|-10.645395|-14.169073|-17.892933|-22.349310]
03:25:26.353,[0|10|20|30|40],[1|1|1|1|1],[-4.034760|-8.823705|-10.343945|-16.714741|-24.429535]
03:25:26.452,[0|10|20|30|40],[1|1|1|1|1],[-4.287166|-8.812082|-10.623503|-18.027760|-26.055145]
03:25:26.555,[0|10|20|30|40],[1|1|1|1|1],[-3.789475|-9.590846|-10.980309|-15.094256|-21.983290]
03:25:26.673,[0|10|20|30|40],[1|1|1|1|1],[-5.145943|-9.454245|-11.569738|-14.647102|-23.826027]
03:25:26.753,[0|10|20|30|40],[1|1|1|1|1],[-3.999895|-5.779600|-8.141541|-13.516831|-25.215794]
03:25:26.857,[0|10|20|30|40],[1|1|1|1|1],[-2.594626|-4.947657|-6.891692|-12.448812|-21.113539]
03:25:26.957,[0|10|20|30|40],[1|1|1|1|1],[-2.954292|-5.713356|-7.820284|-12.873816|-22.199894]
03:25:27.053,[0|10|20|30|40],[1|1|1|1|1],[-1.938710|-4.311031|-6.204212|-13.663054|-20.338558]
03:25:27.171,[0|10|20|30|40],[1|1|1|1|1],[-2.049151|-3.294021|-5.737078|-12.629628|-19.853115]
03:25:27.272,[0|10|20|30|40],[1|1|1|1|1],[-0.982058|-1.729435|-3.439260|-11.276031|-19.373655]
03:25:27.373,[0|10|20|30|40],[1|1|1|1|1],[-1.291123|-4.174191|-6.798613|-14.812899|-21.941996]
03:25:27.474,[0|10|20|30|40],[1|1|1|1|1],[-1.505572|-4.742104|-8.369625|-18.176508|-24.039627]
03:25:27.556,[0|10|20|30|40],[1|1|1|1|1],[-1.681474|-5.109793|-8.497643|-15.566158|-22.632027]
03:25:27.658,[0|10|20|30|40],[1|1|1|1|1],[-2.329037|-5.539709|-9.460473|-16.833305|-24.131107]
03:25:27.751,[0|10|20|30|40],[1|1|1|1|1],[-2.931648|-6.056392|-10.323751|-19.360996|-28.322674]
03:25:27.867,[0|10|20|30|40],[1|1|1|1|1],[-3.289658|-7.091510|-9.213579|-17.214584|-25.579620]
03:25:27.967,[0|10|20|30|40],[1|1|1|1|1],[-3.585258|-7.838011|-8.584714|-18.462181|-24.041843]
03:25:28.067,[0|10|20|30|40],[1|1|1|1|1],[-3.025159|-7.340515|-8.007765|-15.880704|-19.274784]
03:25:28.167,[0|10|20|30|40],[1|1|1|1|1],[-3.443727|-6.212944|-7.402945|-16.251064|-20.203899]
03:25:28.263,[0|10|20|30|40],[1|1|1|1|1],[-2.211562|-4.064316|-6.991208|-14.511847|-19.154406]
03:25:28.364,[0|10|20|30|40],[1|1|1|1|1],[-2.934241|-4.403055|-6.878006|-13.699961|-16.028763]
03:25:28.465,[0|10|20|30|40],[1|1|1|1|1],[-3.418383|-4.684705|-6.205618|-11.964869|-13.190889]
03:25:28.563,[0|10|20|30|40],[1|1|1|1|1],[-3.807357|-4.938900|-7.061839|-10.569835|-7.551408]
03:25:28.661,[0|10|20|30|40],[1|1|1|1|1],[-4.053545|-4.421294|-5.113101|-8.259630|-7.875729]
03:25:28.768,[0|10|20|30|40],[1|1|1|1|1],[-4.213461|-4.308808|-4.673636|-6.214142|-9.154248]
03:25:28.861,[0|10|20|30|40],[1|1|1|1|1],[-4.467192|-5.152822|-5.553460|-4.029703|-4.668331]
03:25:28.962,[0|10|20|30|40],[1|1|1|1|1],[-3.146151|-3.985858|-2.870965|-4.053926|-5.295229]
03:25:29.062,[0|10|20|30|40],[1|1|1|1|1],[-3.046468|-3.764552|-2.707577|-5.278850|-5.005646]
03:25:29.164,[0|10|20|30|40],[1|1|1|1|1],[-3.412047|-3.333610|-3.104365|-6.212497|-5.907822]
03:25:29.253,[0|10|20|30|40],[1|1|1|1|1],[-1.552996|-2.657109|-3.375149|-6.522906|-5.991149]
03:25:29.354,[0|10|20|30|40],[1|1|1|1|1],[-1.144066|-2.745485|-3.960001|-6.700575|-6.750178]
03:25:29.472,[0|10|20|30|40],[1|1|1|1|1],[-1.480055|-2.763623|-4.852653|-6.543863|-7.647872]
03:25:29.573,[0|10|20|30|40],[1|1|1|1|1],[-1.505798|2.114129|3.506613|-3.908777|-6.872439]
03:25:29.667,[0|10|20|30|40],[1|1|1|1|1],[-1.006779|2.892154|3.956592|-3.440666|3.501344]
03:25:29.764,[0|10|20|30|40],[1|1|1|1|1],[1.412058|3.419936|3.617692|4.506612|5.429721]
03:25:29.867,[0|10|20|30|40],[1|1|1|1|1],[1.868501|3.900403|3.215319|4.729104|6.464648]
03:25:29.962,[0|10|20|30|40],[1|1|1|1|1],[2.283344|4.144776|3.187585|4.862225|7.150602]
03:25:30.064,[0|10|20|30|40],[1|1|1|1|1],[2.681783|6.756431|3.723758|5.227828|8.105588]
03:25:30.163,[0|10|20|30|40],[1|1|1|1|1],[3.433439|6.685159|5.115658|6.151915|9.586740]
03:25:30.264,[0|10|20|30|40],[1|1|1|1|1],[4.092628|6.277317|5.374789|7.866752|14.469385]
03:25:30.364,[0|10|20|30|40],[1|1|1|1|1],[2.956328|4.273498|-3.377587|8.229506|12.357497]
03:25:30.472,[0|10|20|30|40],[1|1|1|1|1],[3.825778|-4.367453|-4.831738|9.411299|12.339187]
03:25:30.558,[0|10|20|30|40],[1|1|1|1|1],[-3.509504|-4.559237|-5.465519|-8.298433|-8.103871]
03:25:30.673,[0|10|20|30|40],[1|1|1|1|1],[-4.624102|-5.147582|-4.364669|-7.614946|-7.533002]
03:25:30.772,[0|10|20|30|40],[1|1|1|1|1],[-5.104274|-5.414441|-3.934640|-7.216144|-7.422495]
03:25:30.871,[0|10|20|30|40],[1|1|1|1|1],[-3.906658|-5.021638|-4.370469|-6.461799|-7.319415]
03:25:30.957,[0|10|20|30|40],[1|1|1|1|1],[-2.249175|-4.931519|-4.738712|-5.788589|4.141724]
03:25:31.075,[0|10|20|30|40],[1|1|1|1|1],[-1.999924|-3.059802|-5.165916|-5.219889|5.676043]
03:25:31.171,[0|10|20|30|40],[1|1|1|1|1],[-2.328402|-3.323126|3.077430|2.923536|6.300855]
03:25:31.258,[0|10|20|30|40],[1|1|1|1|1],[-2.571490|-3.224558|3.074306|3.663075|5.831599]
03:25:31.357,[0|10|20|30|40],[1|1|1|1|1],[-1.649460|-3.471172|-2.028275|3.623611|6.657183]
03:25:31.458,[0|10|20|30|40],[1|1|1|1|1],[1.626387|-3.456765|-2.304167|-3.702801|-5.795777]
03:25:31.573,[0|10|20|30|40],[1|1|1|1|1],[-2.597150|-4.151276|-2.561090|-3.382051|-7.683218]
03:25:31.656,[0|10|20|30|40],[1|1|1|1|1],[-2.986854|-4.476753|-2.969629|-3.320301|-8.301247]
03:25:31.757,[0|10|20|30|40],[1|1|1|1|1],[-3.654949|-4.579741|-4.087883|-4.866224|-11.486983]
03:25:31.857,[0|10|20|30|40],[1|1|1|1|1],[-4.752740|-6.566966|-4.513806|-7.300216|-15.056026]
03:25:31.954,[0|10|20|30|40],[1|1|1|1|1],[-4.093157|-4.626968|-5.036375|-6.202835|-12.846661]
03:25:32.054,[0|10|20|30|40],[1|1|1|1|1],[-3.884669|-4.498961|-4.908175|-7.207674|-13.922429]
03:25:32.172,[0|10|20|30|40],[1|1|1|1|1],[-4.747914|-7.395722|-5.825594|-9.036577|-18.033945]
03:25:32.257,[0|10|20|30|40],[1|1|1|1|1],[-4.967691|-5.009386|-6.173900|-8.767289|-16.271996]
03:25:32.374,[0|10|20|30|40],[1|1|1|1|1],[-4.917365|-4.840252|-5.292967|-10.560637|-17.014170]
03:25:32.474,[0|10|20|30|40],[1|1|1|1|1],[-4.459508|-4.698931|-5.422899|-10.075623|-14.622068]
03:25:32.556,[0|10|20|30|40],[1|1|1|1|1],[-4.050495|-4.848744|-6.300566|-12.369418|-16.458607]
03:25:32.652,[0|10|20|30|40],[1|1|1|1|1],[-3.711902|-3.287229|-5.144486|-10.259217|-15.253854]
03:25:32.757,[0|10|20|30|40],[1|1|1|1|1],[-3.149529|-2.755301|-3.817987|-9.068942|-14.218390]
03:25:32.872,[0|10|20|30|40],[1|1|1|1|1],[-3.221898|-2.519581|-4.108018|-9.859335|-15.357733]
03:25:32.958,[0|10|20|30|40],[1|1|1|1|1],[-3.015722|-2.322139|-4.267555|-9.479630|-11.971092]
03:25:33.064,[0|10|20|30|40],[1|1|1|1|1],[1.772724|-2.629076|-3.683108|-6.406641|-11.465764]
03:25:33.165,[0|10|20|30|40],[1|1|1|1|1],[1.675676|2.550282|-3.533274|-5.763316|-7.214808]
03:25:33.277,[0|10|20|30|40],[1|1|1|1|1],[1.385216|-2.733049|-3.410226|-6.829679|-7.347059]
03:25:33.377,[0|10|20|30|40],[1|1|1|1|1],[-1.024681|2.456295|-2.719051|-5.672443|-7.796550]
03:25:33.474,[0|10|20|30|40],[1|1|1|1|1],[1.313239|2.272877|-3.994524|-7.271302|8.447123]
03:25:33.561,[0|10|20|30|40],[1|1|1|1|1],[1.824746|2.514350|-4.439080|-7.984269|-9.775138]
03:25:33.664,[0|10|20|30|40],[1|1|1|1|1],[-2.170887|2.743542|-4.974097|-10.125196|-10.784173]
03:25:33.755,[0|10|20|30|40],[1|1|1|1|1],[-2.404800|2.873924|-5.617774|-10.531580|-10.835958]
03:25:33.856,[0|10|20|30|40],[1|1|1|1|1],[1.702896|-2.730954|-4.940176|-8.363331|10.995269]
03:25:33.953,[0|10|20|30|40],[1|1|1|1|1],[-2.009486|-3.014132|-5.641472|-8.669960|9.035444]
03:25:34.071,[0|10|20|30|40],[1|1|1|1|1],[-2.427708|1.599088|-4.302591|7.954824|11.564994]
03:25:34.174,[0|10|20|30|40],[1|1|1|1|1],[2.790316|3.272655|5.432659|8.902812|11.912584]
03:25:34.257,[0|10|20|30|40],[1|1|1|1|1],[3.189199|3.057891|4.104996|9.812010|13.275909]
03:25:34.372,[0|10|20|30|40],[1|1|1|1|1],[3.756791|2.738787|4.051101|11.680424|12.879205]
03:25:34.472,[0|10|20|30|40],[1|1|1|1|1],[3.963753|2.540494|2.672124|6.668293|-8.149457]
03:25:34.577,[0|10|20|30|40],[1|1|1|1|1],[-3.730746|-2.707428|2.961713|-8.332801|9.582210]
03:25:34.674,[0|10|20|30|40],[1|1|1|1|1],[-3.587415|-2.604045|3.226990|-9.260511|10.687447]
03:25:34.775,[0|10|20|30|40],[1|1|1|1|1],[-3.187010|-2.563663|-3.689402|-10.264683|11.474943]
03:25:34.857,[0|10|20|30|40],[1|1|1|1|1],[-2.822893|-2.675684|-5.488992|-11.232162|-10.657883]
03:25:34.955,[0|10|20|30|40],[1|1|1|1|1],[-2.463848|2.002883|-3.027940|-8.766079|-10.220098]
03:25:35.056,[0|10|20|30|40],[1|1|1|1|1],[-1.360225|2.261958|-3.040242|-6.154227|-10.372972]
03:25:35.172,[0|10|20|30|40],[1|1|1|1|1],[-1.557850|-2.321210|-5.449140|-4.573345|-10.574532]
03:25:35.272,[0|10|20|30|40],[1|1|1|1|1],[-1.713388|-2.336964|-5.736506|-4.110408|-13.276291]
03:25:35.374,[0|10|20|30|40],[1|1|1|1|1],[-1.776025|-2.425286|-5.373764|2.587676|14.226103]
03:25:35.473,[0|10|20|30|40],[1|1|1|1|1],[-2.059332|-2.769803|-3.445292|4.000211|15.441847]
03:25:35.573,[0|10|20|30|40],[1|1|1|1|1],[-2.269574|-3.149717|-2.487934|5.603695|22.217751]
03:25:35.675,[0|10|20|30|40],[1|1|1|1|1],[-2.407743|-3.121760|-2.613485|8.993793|26.568508]
03:25:35.774,[0|10|20|30|40],[1|1|1|1|1],[-2.377915|2.831875|-2.312422|12.113237|30.194044]
03:25:35.854,[0|10|20|30|40],[1|1|1|1|1],[-2.453345|-2.937865|-2.100563|10.532045|27.687359]
03:25:35.963,[0|10|20|30|40],[1|1|1|1|1],[-1.830345|-3.601727|1.841533|15.701151|34.327171]
03:25:36.067,[0|10|20|30|40],[1|1|1|1|1],[1.409426|-3.421850|3.189075|21.076918|39.968254]
03:25:36.167,[0|10|20|30|40],[1|1|1|1|1],[1.763008|-2.930143|3.331411|21.472263|43.425987]
03:25:36.244,[0|10|20|30|40],[1|1|1|1|1],[2.515077|2.470322|2.705479|17.712927|36.883499]
03:25:36.355,[0|10|20|30|40],[1|1|1|1|1],[3.171850|2.723466|4.323471|21.181917|33.491325]
03:25:36.451,[0|10|20|30|40],[1|1|1|1|1],[3.668858|2.581683|4.482996|15.817761|31.367111]
03:25:36.558,[0|10|20|30|40],[1|1|1|1|1],[3.864873|2.398676|3.202856|11.352372|18.508291]
03:25:36.672,[0|10|20|30|40],[1|1|1|1|1],[3.672391|1.749902|3.395832|9.005833|-13.738346]
03:25:36.771,[0|10|20|30|40],[1|1|1|1|1],[3.033017|1.966332|3.786743|10.061741|-19.014597]
03:25:36.875,[0|10|20|30|40],[1|1|1|1|1],[-2.414717|-2.417222|-3.468680|-10.707951|-26.580191]
03:25:36.954,[0|10|20|30|40],[1|1|1|1|1],[-1.999117|-3.006277|-4.051507|-11.132979|-30.041170]
03:25:37.054,[0|10|20|30|40],[1|1|1|1|1],[-2.047502|-2.950157|-3.569674|-9.722471|-22.167301]
03:25:37.155,[0|10|20|30|40],[1|1|1|1|1],[-2.311897|-2.809866|-6.720781|-14.786339|-31.856728]
03:25:37.257,[0|10|20|30|40],[1|1|1|1|1],[-2.838343|-4.024792|-8.394122|-15.003705|-38.195801]
03:25:37.354,[0|10|20|30|40],[1|1|1|1|1],[-3.357972|-4.544734|-8.724093|-13.809085|-38.789131]
03:25:37.454,[0|10|20|30|40],[1|1|1|1|1],[-3.660564|-5.098334|-8.975637|-12.589097|-25.175524]
03:25:37.573,[0|10|20|30|40],[1|1|1|1|1],[-3.308386|-5.953960|-8.602858|-12.976146|-36.876633]
03:25:37.673,[0|10|20|30|40],[1|1|1|1|1],[-1.993705|-4.137212|-5.382407|-13.396287|-30.869246]
03:25:37.775,[0|10|20|30|40],[1|1|1|1|1],[-2.319287|-4.457283|-6.059372|-11.053514|-37.622597]
03:25:37.873,[0|10|20|30|40],[1|1|1|1|1],[-2.387628|-5.042866|-8.792233|-10.825372|-26.346684]
03:25:37.951,[0|10|20|30|40],[1|1|1|1|1],[-2.564838|-4.860410|-9.675288|-11.118841|-37.691498]
03:25:38.067,[0|10|20|30|40],[1|1|1|1|1],[-2.191581|-4.425359|-7.885993|-4.943132|-48.673153]
03:25:38.163,[0|10|20|30|40],[1|1|1|1|1],[-1.143441|-5.769032|-8.236706|-6.314993|-41.790771]
03:25:38.261,[0|10|20|30|40],[1|1|1|1|1],[2.565462|-6.479650|9.796286|11.498046|56.505157]
03:25:38.363,[0|10|20|30|40],[1|1|1|1|1],[3.982148|-6.433859|9.330940|16.222858|60.511925]
03:25:38.464,[0|10|20|30|40],[1|1|1|1|1],[3.744698|-4.891938|7.972348|19.313097|71.791122]
03:25:38.565,[0|10|20|30|40],[1|1|1|1|1],[4.058209|-4.325768|8.645868|26.150417|79.644485]
03:25:38.662,[0|10|20|30|40],[1|1|1|1|1],[4.051508|5.012280|8.356010|25.307846|68.363762]
03:25:38.761,[0|10|20|30|40],[1|1|1|1|1],[3.232952|6.603861|11.312199|34.083080|-32.696056]
03:25:38.864,[0|10|20|30|40],[1|1|1|1|1],[3.001940|7.538181|12.524557|33.825207|-51.127434]
03:25:38.964,[0|10|20|30|40],[1|1|1|1|1],[-2.023100|-5.335736|13.087368|32.382298|-64.358902]
03:25:39.062,[0|10|20|30|40],[1|1|1|1|1],[-1.854562|-4.994023|10.981774|29.743576|-45.277691]
03:25:39.167,[0|10|20|30|40],[1|1|1|1|1],[-2.935864|-4.756260|-9.996557|-28.176165|-51.650620]
03:25:39.264,[0|10|20|30|40],[1|1|1|1|1],[-3.372943|-8.561134|-12.295985|-35.837460|-35.587406]
03:25:39.367,[0|10|20|30|40],[1|1|1|1|1],[-3.182030|-9.593701|-13.374400|-35.423805|-15.347099]
03:25:39.466,[0|10|20|30|40],[1|1|1|1|1],[-4.535443|-10.180396|-11.978173|-29.056168|-10.941410]
03:25:39.561,[0|10|20|30|40],[1|1|1|1|1],[-4.185440|-12.597871|-9.770513|-28.738308|8.475018]
03:25:39.662,[0|10|20|30|40],[1|1|1|1|1],[-5.263728|-13.703209|-11.103535|-32.359314|8.662224]
03:25:39.761,[0|10|20|30|40],[1|1|1|1|1],[-6.549482|-15.703524|-8.488441|-21.968794|8.262825]
03:25:39.872,[0|10|20|30|40],[1|1|1|1|1],[-7.748186|-14.775949|-6.233716|-12.713099|-8.015728]
03:25:39.974,[0|10|20|30|40],[1|1|1|1|1],[-7.886615|-15.822542|-5.257726|14.505720|6.473541]
03:25:40.054,[0|10|20|30|40],[1|1|1|1|1],[-7.580776|-18.113201|-3.950071|15.036154|-8.425331]
03:25:40.155,[0|10|20|30|40],[1|1|1|1|1],[-7.382573|-14.900339|4.264617|16.581535|-12.193584]
03:25:40.252,[0|10|20|30|40],[1|1|1|1|1],[-9.487514|-12.439275|5.800676|17.664433|-17.376614]
03:25:40.360,[0|10|20|30|40],[1|1|1|1|1],[-11.140116|-16.551506|7.192612|17.262316|-28.402996]
03:25:40.454,[0|10|20|30|40],[1|1|1|1|1],[-10.874237|-14.663887|6.002498|11.305475|-26.489544]
03:25:40.552,[0|10|20|30|40],[1|1|1|1|1],[-7.737181|-10.836363|6.889248|9.847498|-25.600719]
03:25:40.671,[0|10|20|30|40],[1|1|1|1|1],[-8.216533|-11.919421|7.341075|8.267593|-28.508377]
03:25:40.755,[0|10|20|30|40],[1|1|1|1|1],[-9.747227|-11.590851|8.052540|-8.599901|-27.290630]
03:25:40.855,[0|10|20|30|40],[1|1|1|1|1],[-7.998909|-10.385448|7.185388|-11.915827|-16.628647]
03:25:40.955,[0|10|20|30|40],[1|1|1|1|1],[-7.823476|-8.035892|8.643270|-8.752012|20.999146]
03:25:41.056,[0|10|20|30|40],[1|1|1|1|1],[-9.476517|-6.884205|7.997513|-11.088467|-27.976131]
03:25:41.155,[0|10|20|30|40],[1|1|1|1|1],[-9.976400|-4.766220|5.202651|-12.487507|-25.000477]
03:25:41.254,[0|10|20|30|40],[1|1|1|1|1],[-4.617156|2.361387|-5.617237|-10.375071|-13.096046]
03:25:41.355,[0|10|20|30|40],[1|1|1|1|1],[5.456632|2.604818|-5.687809|8.420753|-19.550991]
03:25:41.455,[0|10|20|30|40],[1|1|1|1|1],[4.943709|3.680587|-5.998087|9.938192|-27.723598]
03:25:41.555,[0|10|20|30|40],[1|1|1|1|1],[4.548800|4.849630|-5.830431|11.817932|-35.321953]
03:25:41.657,[0|10|20|30|40],[1|1|1|1|1],[4.250535|4.845753|-5.763495|14.341736|-17.956638]
03:25:41.774,[0|10|20|30|40],[1|1|1|1|1],[3.514149|5.018276|-5.418968|-20.725584|-18.999863]
03:25:41.874,[0|10|20|30|40],[1|1|1|1|1],[2.580247|5.009010|3.773916|-8.855200|-23.798180]
03:25:41.958,[0|10|20|30|40],[1|1|1|1|1],[2.776246|5.180335|3.047752|3.789043|-27.986193]
03:25:42.058,[0|10|20|30|40],[1|1|1|1|1],[2.837923|5.369869|3.213251|4.620266|-7.688618]
03:25:42.158,[0|10|20|30|40],[1|1|1|1|1],[2.557619|4.985112|2.873433|-5.143118|-16.562366]
03:25:42.253,[0|10|20|30|40],[1|1|1|1|1],[2.765320|4.008046|3.503847|5.480433|-21.334457]
03:25:42.354,[0|10|20|30|40],[1|1|1|1|1],[-2.385180|2.901843|3.673089|5.989361|-23.772240]
03:25:42.457,[0|10|20|30|40],[1|1|1|1|1],[-2.297407|3.158799|2.730548|-3.378868|-23.254776]
03:25:42.557,[0|10|20|30|40],[1|1|1|1|1],[-1.853133|2.621502|2.974808|-3.852606|32.396080]
03:25:42.661,[0|10|20|30|40],[1|1|1|1|1],[2.117141|2.969327|2.981269|5.182409|43.288803]
03:25:42.762,[0|10|20|30|40],[1|1|1|1|1],[2.285612|3.288358|-5.203080|6.937170|42.205048]
03:25:42.862,[0|10|20|30|40],[1|1|1|1|1],[1.567178|-1.699027|-5.209017|8.835316|56.766224]
03:25:42.961,[0|10|20|30|40],[1|1|1|1|1],[1.932770|-1.997352|-4.435277|11.261749|41.187286]
03:25:43.064,[0|10|20|30|40],[1|1|1|1|1],[2.176948|-3.273919|-4.881549|10.556650|39.923954]
03:25:43.163,[0|10|20|30|40],[1|1|1|1|1],[2.550739|-4.120511|-3.075981|12.900162|42.867756]
03:25:43.267,[0|10|20|30|40],[1|1|1|1|1],[2.380908|-4.744277|-2.844548|10.739326|-56.131077]
03:25:43.361,[0|10|20|30|40],[1|1|1|1|1],[-1.447853|-4.422930|-3.770256|13.691425|-33.439255]
03:25:43.463,[0|10|20|30|40],[1|1|1|1|1],[-2.445055|-6.411118|-3.560519|-14.099264|-33.109379]
03:25:43.563,[0|10|20|30|40],[1|1|1|1|1],[-3.252170|-6.747633|-5.187225|-19.234180|-42.667294]
03:25:43.664,[0|10|20|30|40],[1|1|1|1|1],[-3.339040|-6.100053|-6.127405|-18.102694|-36.920452]
03:25:43.765,[0|10|20|30|40],[1|1|1|1|1],[-5.111802|-8.357864|-5.556726|-16.606283|-48.045731]
03:25:43.864,[0|10|20|30|40],[1|1|1|1|1],[-4.757118|-6.849992|-6.389666|-17.643309|-30.152225]
03:25:43.964,[0|10|20|30|40],[1|1|1|1|1],[-5.017173|-8.085802|-7.174253|-16.382599|-22.302914]
03:25:44.064,[0|10|20|30|40],[1|1|1|1|1],[-5.880799|-11.032325|-10.147929|-19.365788|-20.582199]
03:25:44.163,[0|10|20|30|40],[1|1|1|1|1],[-5.900152|-10.681147|-6.809998|-12.213755|-27.528286]
03:25:44.261,[0|10|20|30|40],[1|1|1|1|1],[-6.708891|-9.645629|-6.458783|-14.780521|-17.378998]
03:25:44.361,[0|10|20|30|40],[1|1|1|1|1],[-4.846113|-10.822505|-4.789543|-9.572363|-21.258736]
03:25:44.467,[0|10|20|30|40],[1|1|1|1|1],[-5.754457|-13.389254|-3.412485|7.265997|-26.388836]
03:25:44.551,[0|10|20|30|40],[1|1|1|1|1],[-6.229394|-13.711309|-3.394151|6.908941|-11.374664]
03:25:44.654,[0|10|20|30|40],[1|1|1|1|1],[-4.186315|-10.857916|3.497267|8.491278|-15.797710]
03:25:44.757,[0|10|20|30|40],[1|1|1|1|1],[-5.021862|-10.000628|4.367447|8.969259|-26.672077]
03:25:44.852,[0|10|20|30|40],[1|1|1|1|1],[-4.943309|-12.308228|-5.268383|-10.474539|-25.835037]
03:25:44.951,[0|10|20|30|40],[1|1|1|1|1],[-3.544184|-9.127993|-6.045651|8.256388|-33.910370]
03:25:45.060,[0|10|20|30|40],[1|1|1|1|1],[-3.650814|-11.436499|-9.446049|-6.940508|-39.635944]
03:25:45.172,[0|10|20|30|40],[1|1|1|1|1],[-5.206226|-11.233187|-8.717299|-9.559774|-21.786118]
03:25:45.254,[0|10|20|30|40],[1|1|1|1|1],[-6.411257|-9.341473|-8.015585|-10.582495|-24.580097]
03:25:45.355,[0|10|20|30|40],[1|1|1|1|1],[-3.878062|-9.402996|-7.607937|-14.145851|-15.854740]
03:25:45.457,[0|10|20|30|40],[1|1|1|1|1],[-4.451266|-10.095835|-7.193804|-16.114902|-13.786983]
03:25:45.551,[0|10|20|30|40],[1|1|1|1|1],[-5.527239|-10.077339|-7.259703|-19.548655|-19.907188]
03:25:45.656,[0|10|20|30|40],[1|1|1|1|1],[-5.669181|-7.988805|6.804109|-12.450027|-23.214245]
03:25:45.754,[0|10|20|30|40],[1|1|1|1|1],[-3.573256|-5.796933|-7.991147|-14.980268|-21.974564]
03:25:45.854,[0|10|20|30|40],[1|1|1|1|1],[-3.089804|-6.322760|-9.064341|-9.919786|-14.670086]
03:25:45.973,[0|10|20|30|40],[1|1|1|1|1],[-2.720771|-7.198441|-8.698273|-9.964466|-12.584972]
03:25:46.073,[0|10|20|30|40],[1|1|1|1|1],[-2.916549|-7.912898|-9.051967|-11.134005|-13.447380]
03:25:46.153,[0|10|20|30|40],[1|1|1|1|1],[-3.779984|-8.186733|-10.010195|-8.586359|-10.918617]
03:25:46.271,[0|10|20|30|40],[1|1|1|1|1],[-3.738260|-7.136231|-8.338284|9.168673|-13.902664]
03:25:46.354,[0|10|20|30|40],[1|1|1|1|1],[-3.097578|-7.160086|-7.491732|9.721327|-16.307354]
03:25:46.455,[0|10|20|30|40],[1|1|1|1|1],[-3.111476|-9.424389|-6.571889|10.083914|-38.775539]
03:25:46.557,[0|10|20|30|40],[1|1|1|1|1],[-3.300637|-8.064651|-7.216787|-9.531069|-30.335140]
03:25:46.654,[0|10|20|30|40],[1|1|1|1|1],[-4.012904|-7.238054|-6.989551|-10.093212|-38.184166]
03:25:46.755,[0|10|20|30|40],[1|1|1|1|1],[-2.916036|-7.990670|-6.278872|-14.787149|-47.714138]
03:25:46.855,[0|10|20|30|40],[1|1|1|1|1],[-3.197140|-8.828229|-5.736327|-15.920448|-55.710983]
03:25:46.957,[0|10|20|30|40],[1|1|1|1|1],[-3.407787|7.393986|6.718373|-19.048643|24.465561]
03:25:47.063,[0|10|20|30|40],[1|1|1|1|1],[-4.181832|7.665628|7.591820|-23.167372|28.299999]
03:25:47.163,[0|10|20|30|40],[1|1|1|1|1],[-3.413790|7.467261|9.935331|-25.969076|23.301888]
03:25:47.263,[0|10|20|30|40],[1|1|1|1|1],[-3.526816|7.107583|11.558819|-30.466175|16.808510]
03:25:47.367,[0|10|20|30|40],[1|1|1|1|1],[1.555180|7.990512|9.146881|14.768791|-22.002029]
03:25:47.467,[0|10|20|30|40],[1|1|1|1|1],[3.696114|7.434702|9.751701|15.221167|-11.203289]
03:25:47.564,[0|10|20|30|40],[1|1|1|1|1],[4.486260|7.599896|11.681771|14.678907|10.320377]
03:25:47.665,[0|10|20|30|40],[1|1|1|1|1],[4.358305|7.602584|-11.955404|-8.393908|12.070274]
03:25:47.761,[0|10|20|30|40],[1|1|1|1|1],[-5.325361|-11.013996|-14.973116|-8.759165|-17.477226]
03:25:47.866,[0|10|20|30|40],[1|1|1|1|1],[-4.911793|-13.383299|-16.929722|-4.388857|-30.073929]
03:25:47.964,[0|10|20|30|40],[1|1|1|1|1],[-5.292472|-14.490520|-14.761090|5.427599|-38.213062]
03:25:48.066,[0|10|20|30|40],[1|1|1|1|1],[-5.957074|-14.110255|-14.609814|6.571436|-53.340530]
03:25:48.163,[0|10|20|30|40],[1|1|1|1|1],[-5.507089|-15.528226|-14.911985|-10.886955|-48.755074]
03:25:48.261,[0|10|20|30|40],[1|1|1|1|1],[-4.416433|-14.181193|-9.343195|-13.459253|-51.776218]
03:25:48.361,[0|10|20|30|40],[1|1|1|1|1],[-4.916544|-15.327811|-8.640862|-21.162128|-34.762287]
03:25:48.465,[0|10|20|30|40],[1|1|1|1|1],[-6.139273|-12.409698|-5.249095|-16.271114|-33.937645]
03:25:48.565,[0|10|20|30|40],[1|1|1|1|1],[-4.372242|-8.722824|-6.258368|-19.477367|-30.313778]
03:25:48.667,[0|10|20|30|40],[1|1|1|1|1],[-2.036941|-6.926310|-7.552028|-15.377951|-22.457027]
03:25:48.762,[0|10|20|30|40],[1|1|1|1|1],[-2.781076|-6.827381|-6.805062|-13.705349|-28.642845]
03:25:48.863,[0|10|20|30|40],[1|1|1|1|1],[-3.558168|-7.001573|-9.362030|-19.202757|-23.026085]
03:25:48.966,[0|10|20|30|40],[1|1|1|1|1],[-3.179408|-5.857855|-11.412597|-17.009211|-43.614292]
03:25:49.067,[0|10|20|30|40],[1|1|1|1|1],[-1.790930|-6.617856|-9.294558|-15.536499|-52.657986]
03:25:49.164,[0|10|20|30|40],[1|1|1|1|1],[-1.302313|-7.168141|-9.635520|-15.646410|-62.270451]
03:25:49.262,[0|10|20|30|40],[1|1|1|1|1],[-2.226540|-6.169474|-9.386516|-16.268921|-66.263672]
03:25:49.362,[0|10|20|30|40],[1|1|1|1|1],[-2.922400|-7.866064|-13.440919|-19.928312|-59.852409]
03:25:49.465,[0|10|20|30|40],[1|1|1|1|1],[-3.927197|-9.317917|-16.408897|-26.160383|-9.760284]
03:25:49.563,[0|10|20|30|40],[1|1|1|1|1],[-3.490030|-10.184559|-17.081118|-28.107786|-17.619705]
03:25:49.665,[0|10|20|30|40],[1|1|1|1|1],[-2.856956|-12.155798|-13.059855|-25.071144|-32.815075]
03:25:49.764,[0|10|20|30|40],[1|1|1|1|1],[-2.825936|-9.116226|-10.149550|-21.248436|-35.795307]
03:25:49.862,[0|10|20|30|40],[1|1|1|1|1],[-3.014424|-9.014309|-10.298848|-6.681156|-49.979591]
03:25:49.964,[0|10|20|30|40],[1|1|1|1|1],[-1.773077|-11.107102|-9.690595|-12.936020|-45.098495]
03:25:50.064,[0|10|20|30|40],[1|1|1|1|1],[-2.663498|-10.605801|-11.372614|-16.382551|-39.210320]
03:25:50.161,[0|10|20|30|40],[1|1|1|1|1],[-3.299156|-11.628687|-13.405323|-16.847706|-30.506039]
03:25:50.265,[0|10|20|30|40],[1|1|1|1|1],[-3.086741|-9.853324|-13.518524|-21.686792|-9.883976]
03:25:50.367,[0|10|20|30|40],[1|1|1|1|1],[-4.023785|-10.281211|-13.597345|-24.451017|-13.718510]
03:25:50.464,[0|10|20|30|40],[1|1|1|1|1],[-4.490710|-11.631804|-12.916350|-22.554636|-18.026638]
03:25:50.569,[0|10|20|30|40],[1|1|1|1|1],[-4.643151|-12.753612|-10.943055|-14.908552|-12.116623]
03:25:50.641,[0|10|20|30|40],[1|1|1|1|1],[-4.927638|-11.965829|-10.215354|-10.163450|-20.529079]
03:25:50.755,[0|10|20|30|40],[1|1|1|1|1],[-4.800605|-13.168308|-9.655976|-5.211496|-19.581413]
03:25:50.855,[0|10|20|30|40],[1|1|1|1|1],[-4.884286|-13.665470|-8.277559|-4.470444|-17.955971]
03:25:50.956,[0|10|20|30|40],[1|1|1|1|1],[-5.185570|-10.347062|-7.962513|-5.449677|13.222694]
03:25:51.052,[0|10|20|30|40],[1|1|1|1|1],[-3.729208|-6.570596|-6.440783|6.173754|-12.824726]
03:25:51.155,[0|10|20|30|40],[1|1|1|1|1],[-3.249566|6.566543|5.983949|7.758808|22.416496]
03:25:51.258,[0|10|20|30|40],[1|1|1|1|1],[-4.097405|4.894578|4.921317|9.436560|19.883251]
03:25:51.357,[0|10|20|30|40],[1|1|1|1|1],[4.998065|6.535685|4.565978|10.509539|16.493607]
03:25:51.451,[0|10|20|30|40],[1|1|1|1|1],[5.797462|6.227446|4.351974|-12.396574|24.391842]
03:25:51.558,[0|10|20|30|40],[1|1|1|1|1],[3.145235|6.607020|6.659508|-14.055109|26.989460]
03:25:51.674,[0|10|20|30|40],[1|1|1|1|1],[4.235539|6.481666|6.392384|10.934401|30.300522]
03:25:51.777,[0|10|20|30|40],[1|1|1|1|1],[2.875808|5.974847|6.143999|14.049101|35.010574]
03:25:51.874,[0|10|20|30|40],[1|1|1|1|1],[2.951573|6.293321|5.617881|21.206331|18.776751]
03:25:51.977,[0|10|20|30|40],[1|1|1|1|1],[-2.812403|-5.082822|4.546642|27.037096|23.529100]
03:25:52.052,[0|10|20|30|40],[1|1|1|1|1],[-2.835302|-5.098325|4.406524|29.314041|24.361992]
03:25:52.152,[0|10|20|30|40],[1|1|1|1|1],[-3.215107|-5.607653|5.209124|28.075457|25.900269]
03:25:52.257,[0|10|20|30|40],[1|1|1|1|1],[-1.733760|-3.431678|6.060493|17.459774|26.497459]
03:25:52.352,[0|10|20|30|40],[1|1|1|1|1],[-1.958404|3.847951|6.563973|13.997579|14.062786]
03:25:52.454,[0|10|20|30|40],[1|1|1|1|1],[-2.960417|3.782988|7.435477|12.766957|-14.126921]
03:25:52.574,[0|10|20|30|40],[1|1|1|1|1],[-3.510659|3.640354|5.707419|12.082624|-17.976189]
03:25:52.657,[0|10|20|30|40],[1|1|1|1|1],[-3.157169|3.441370|5.927861|7.084560|-19.906807]
03:25:52.752,[0|10|20|30|40],[1|1|1|1|1],[-3.757699|3.541285|-5.423808|-5.604458|-23.017931]
03:25:52.873,[0|10|20|30|40],[1|1|1|1|1],[3.702305|3.823727|-5.669904|-7.901120|-27.785492]
03:25:52.974,[0|10|20|30|40],[1|1|1|1|1],[4.012542|3.793788|-7.324255|-8.669758|-16.162968]
03:25:53.074,[0|10|20|30|40],[1|1|1|1|1],[3.701978|-4.526248|-7.004082|-5.393314|10.076380]
03:25:53.158,[0|10|20|30|40],[1|1|1|1|1],[3.953881|-4.545024|-7.482350|-5.574989|10.223627]
03:25:53.276,[0|10|20|30|40],[1|1|1|1|1],[-3.799501|-5.235243|-7.274830|-9.002090|-19.290733]
03:25:53.355,[0|10|20|30|40],[1|1|1|1|1],[-2.934818|-6.040835|-8.420479|-12.120414|-21.723318]
03:25:53.472,[0|10|20|30|40],[1|1|1|1|1],[-3.048697|-6.464460|-8.994865|-14.181685|-28.381586]
03:25:53.552,[0|10|20|30|40],[1|1|1|1|1],[-3.620400|-6.513196|-8.910513|-15.291476|-30.415201]
03:25:53.657,[0|10|20|30|40],[1|1|1|1|1],[2.244168|6.006098|-6.288576|-15.852118|-28.113413]
03:25:53.772,[0|10|20|30|40],[1|1|1|1|1],[2.624743|6.083899|-6.362236|-18.092203|-28.992271]
03:25:53.852,[0|10|20|30|40],[1|1|1|1|1],[3.433989|5.823362|-6.323838|-19.365810|-30.780125]
03:25:53.954,[0|10|20|30|40],[1|1|1|1|1],[-2.037085|-6.181899|-7.492721|-19.540478|-28.610516]
03:25:54.064,[0|10|20|30|40],[1|1|1|1|1],[-2.438771|-6.182635|-8.615934|-23.866154|-32.623909]
03:25:54.163,[0|10|20|30|40],[1|1|1|1|1],[2.804389|3.402591|-5.844140|-15.923119|-21.599340]
03:25:54.263,[0|10|20|30|40],[1|1|1|1|1],[-3.689361|-4.326048|-5.007565|-15.742373|-18.724585]
03:25:54.361,[0|10|20|30|40],[1|1|1|1|1],[-3.714767|-4.067010|-4.650772|-12.814283|-12.534475]
03:25:54.467,[0|10|20|30|40],[1|1|1|1|1],[-4.216837|-3.609449|-5.589616|-13.665891|-11.883163]
03:25:54.566,[0|10|20|30|40],[1|1|1|1|1],[-4.729965|-3.735268|-6.541133|-14.190245|-11.594701]
03:25:54.664,[0|10|20|30|40],[1|1|1|1|1],[-4.578079|-2.461106|-3.959060|-9.138393|-12.201571]
03:25:54.765,[0|10|20|30|40],[1|1|1|1|1],[-4.457815|-2.350521|-4.267263|-8.306861|-12.777638]
03:25:54.866,[0|10|20|30|40],[1|1|1|1|1],[-4.474780|-2.349359|-3.539622|-7.237244|-10.828996]
03:25:54.965,[0|10|20|30|40],[1|1|1|1|1],[-3.984222|-1.853591|-0.720167|-1.816630|-2.892709]
03:25:55.063,[0|10|20|30|40],[1|1|1|1|1],[-3.930256|-1.750398|-0.769353|-2.075243|2.891374]
03:25:55.162,[0|10|20|30|40],[1|1|1|1|1],[-3.269269|-1.357943|-0.866199|-1.939464|-3.621626]
03:25:55.261,[0|10|20|30|40],[1|1|1|1|1],[-3.591688|-3.034353|-0.925064|1.947260|-5.264544]
03:25:55.364,[0|10|20|30|40],[1|1|1|1|1],[-3.066440|-2.651960|1.486814|-2.004743|-5.808544]
