timestamp,distances,validty,bias
03:25:12.023,[0|10|20|30|40],[1|1|1|1|1],[-1.607634|-2.399573|-7.165513|-14.233398|-23.131144]
03:25:12.145,[0|10|20|30|40],[1|1|1|1|1],[-1.554989|-2.802125|-8.958775|-15.444983|-18.283665]
03:25:12.243,[0|10|20|30|40],[1|1|1|1|1],[-1.501865|-3.635376|-8.703570|-16.086704|-21.867107]
03:25:12.325,[0|10|20|30|40],[1|1|1|1|1],[-1.530435|-2.773695|-9.794283|-17.711699|-25.380634]
03:25:12.423,[0|10|20|30|40],[1|1|1|1|1],[0.631140|2.628089|8.888428|-15.518135|-19.373013]
03:25:12.522,[0|10|20|30|40],[1|1|1|1|1],[0.562424|3.163743|9.371902|13.966799|22.259308]
03:25:12.627,[0|10|20|30|40],[1|1|1|1|1],[0.396386|4.699753|11.064248|15.709293|25.609756]
03:25:12.725,[0|10|20|30|40],[1|1|1|1|1],[0.711396|7.346018|12.785828|16.546844|27.080894]
03:25:12.821,[0|10|20|30|40],[1|1|1|1|1],[0.583419|5.491561|10.078653|18.088139|28.735329]
03:25:12.930,[0|10|20|30|40],[1|1|1|1|1],[0.889750|6.168963|11.854612|21.309280|31.153154]
03:25:13.024,[0|10|20|30|40],[1|1|1|1|1],[1.291175|6.217336|11.344605|21.785748|29.679180]
03:25:13.126,[0|10|20|30|40],[1|1|1|1|1],[1.761395|6.910401|13.053590|18.143166|25.054741]
03:25:13.241,[0|10|20|30|40],[1|1|1|1|1],[3.373784|6.233116|-10.822567|-17.362713|-22.276783]
03:25:13.346,[0|10|20|30|40],[1|1|1|1|1],[-4.037352|-7.059570|-11.916861|-18.550121|-26.664520]
03:25:13.444,[0|10|20|30|40],[1|1|1|1|1],[-4.873575|-8.303113|-14.034393|-15.595139|-25.967169]
03:25:13.541,[0|10|20|30|40],[1|1|1|1|1],[-4.441717|-7.345275|-11.436213|-18.207085|-28.477430]
03:25:13.626,[0|10|20|30|40],[1|1|1|1|1],[-3.153098|-7.782199|-13.116622|-20.481194|-30.333567]
03:25:13.723,[0|10|20|30|40],[1|1|1|1|1],[-3.425518|-9.433063|-11.104023|-17.086363|-28.115154]
03:25:13.843,[0|10|20|30|40],[1|1|1|1|1],[-3.629935|-8.371104|-9.792519|-15.870857|-22.807741]
03:25:13.921,[0|10|20|30|40],[1|1|1|1|1],[-4.194838|-10.592278|-12.592686|-15.943074|-23.953581]
03:25:14.044,[0|10|20|30|40],[1|1|1|1|1],[-5.566221|-12.529691|-14.488894|-19.835018|-32.694054]
03:25:14.145,[0|10|20|30|40],[1|1|1|1|1],[-7.268508|-12.392199|-12.302810|-20.922863|-33.077644]
03:25:14.243,[0|10|20|30|40],[1|1|1|1|1],[-6.642248|-12.842917|-15.114344|-19.430124|-33.839417]
03:25:14.344,[0|10|20|30|40],[1|1|1|1|1],[-6.681693|-9.200367|-13.040579|-23.127687|-35.744404]
03:25:14.448,[0|10|20|30|40],[1|1|1|1|1],[-7.591832|-9.306399|-12.365460|-20.188499|-33.834339]
03:25:14.527,[0|10|20|30|40],[1|1|1|1|1],[-5.120049|-8.924523|-10.772264|-19.587254|-32.085800]
03:25:14.623,[0|10|20|30|40],[1|1|1|1|1],[-6.576458|-10.244802|-14.345783|-19.521118|-29.263424]
03:25:14.727,[0|10|20|30|40],[1|1|1|1|1],[-7.734651|-12.084349|-17.385262|-19.050789|-30.837774]
03:25:14.841,[0|10|20|30|40],[1|1|1|1|1],[-4.613501|-10.797543|-15.593415|-23.521746|-37.393665]
03:25:14.925,[0|10|20|30|40],[1|1|1|1|1],[-3.815811|-10.202527|-11.834717|-19.873751|-39.975975]
03:25:15.044,[0|10|20|30|40],[1|1|1|1|1],[-6.022877|-9.179955|-14.234591|-23.622524|-35.004852]
03:25:15.136,[0|10|20|30|40],[1|1|1|1|1],[-3.922874|-10.066730|-15.592421|-21.299696|-32.663536]
03:25:15.238,[0|10|20|30|40],[1|1|1|1|1],[-5.513907|-10.724582|-14.841956|-22.803783|-36.516335]
03:25:15.338,[0|10|20|30|40],[1|1|1|1|1],[-5.264434|-12.400418|-17.307341|-25.756573|-34.856628]
03:25:15.434,[0|10|20|30|40],[1|1|1|1|1],[-7.586812|-13.700306|-17.704910|-26.679920|-35.311722]
03:25:15.534,[0|10|20|30|40],[1|1|1|1|1],[-7.194215|-11.785072|-22.159178|-25.560188|-31.331135]
03:25:15.634,[0|10|20|30|40],[1|1|1|1|1],[-5.832726|-14.236407|-24.862469|-24.179436|-29.905724]
03:25:15.734,[0|10|20|30|40],[1|1|1|1|1],[-6.816589|-15.233077|-23.702871|-21.172762|-30.330204]
03:25:15.836,[0|10|20|30|40],[1|1|1|1|1],[-8.228546|-15.403864|-21.085793|-16.267347|-28.916718]
03:25:15.932,[0|10|20|30|40],[1|1|1|1|1],[-8.984362|-14.005857|-17.509628|-18.188477|-33.507538]
03:25:16.033,[0|10|20|30|40],[1|1|1|1|1],[-7.061425|-14.803885|-13.570905|-18.979931|-32.380962]
03:25:16.135,[0|10|20|30|40],[1|1|1|1|1],[-6.696314|-14.807463|-11.758947|-22.403812|-35.301064]
03:25:16.232,[0|10|20|30|40],[1|1|1|1|1],[-8.512577|-11.153069|-11.841702|-22.550249|-34.087776]
03:25:16.338,[0|10|20|30|40],[1|1|1|1|1],[-8.429750|-7.803383|-12.864960|-23.304916|-37.810993]
03:25:16.434,[0|10|20|30|40],[1|1|1|1|1],[-8.845917|-6.778759|-15.350712|-23.933243|-36.079311]
03:25:16.514,[0|10|20|30|40],[1|1|1|1|1],[-6.899837|-6.068745|-16.766130|-24.084187|-33.618401]
03:25:16.637,[0|10|20|30|40],[1|1|1|1|1],[-6.506492|-10.288909|-17.606533|-25.431728|-35.603691]
03:25:16.733,[0|10|20|30|40],[1|1|1|1|1],[6.819312|-11.961576|16.820515|25.132036|35.174107]
03:25:16.834,[0|10|20|30|40],[1|1|1|1|1],[6.497073|14.847067|18.270302|22.738434|32.240604]
03:25:16.931,[0|10|20|30|40],[1|1|1|1|1],[6.221555|16.293037|16.214550|22.767712|33.569504]
03:25:17.037,[0|10|20|30|40],[1|1|1|1|1],[6.489180|16.508574|15.211117|21.389914|31.962608]
03:25:17.131,[0|10|20|30|40],[1|1|1|1|1],[7.171245|15.915772|16.828691|23.149252|31.119038]
03:25:17.235,[0|10|20|30|40],[1|1|1|1|1],[9.056099|15.247393|17.007923|24.226570|32.651878]
03:25:17.337,[0|10|20|30|40],[1|1|1|1|1],[9.155665|14.479136|16.316116|24.392796|33.217930]
03:25:17.436,[0|10|20|30|40],[1|1|1|1|1],[10.843208|18.826910|18.326080|24.347328|30.348825]
03:25:17.533,[0|10|20|30|40],[1|1|1|1|1],[-8.628915|15.988928|16.188967|21.774174|29.284931]
03:25:17.635,[0|10|20|30|40],[1|1|1|1|1],[-10.361001|-13.103106|-15.900159|-19.579006|-29.385258]
03:25:17.734,[0|10|20|30|40],[1|1|1|1|1],[-9.112482|-15.248185|-17.521477|-21.413399|-33.332920]
03:25:17.832,[0|10|20|30|40],[1|1|1|1|1],[-9.980826|-16.226938|-17.236280|-18.945408|-31.535934]
03:25:17.934,[0|10|20|30|40],[1|1|1|1|1],[-6.861577|-14.231247|-17.536390|-22.167088|-31.061792]
03:25:18.036,[0|10|20|30|40],[1|1|1|1|1],[-7.306233|-14.696712|-17.631172|-25.115181|-33.865093]
03:25:18.131,[0|10|20|30|40],[1|1|1|1|1],[-7.549018|-12.604088|-16.499435|-25.936485|-34.652996]
03:25:18.237,[0|10|20|30|40],[1|1|1|1|1],[-9.393962|-12.318524|-16.201294|-25.302052|-39.276196]
03:25:18.331,[0|10|20|30|40],[1|1|1|1|1],[-7.273584|-13.004616|-16.294003|-28.345894|-42.165543]
03:25:18.433,[0|10|20|30|40],[1|1|1|1|1],[-9.620696|-13.909784|-16.598988|-28.612947|-39.165379]
03:25:18.534,[0|10|20|30|40],[1|1|1|1|1],[-10.788763|-15.579563|-18.622135|-24.707890|-29.075359]
03:25:18.634,[0|10|20|30|40],[1|1|1|1|1],[-8.215815|-13.843981|-17.577171|-24.103498|-32.433846]
03:25:18.735,[0|10|20|30|40],[1|1|1|1|1],[-8.731145|-14.581418|-19.588017|-24.453688|-30.441427]
03:25:18.836,[0|10|20|30|40],[1|1|1|1|1],[-9.705099|-11.894208|-16.989958|-26.043463|-31.855297]
03:25:18.931,[0|10|20|30|40],[1|1|1|1|1],[-7.277855|-13.605240|-17.447138|-22.615265|-31.726624]
03:25:19.037,[0|10|20|30|40],[1|1|1|1|1],[-6.524801|-13.706842|-15.257751|-23.212147|-32.196381]
03:25:19.134,[0|10|20|30|40],[1|1|1|1|1],[-8.074564|-19.847944|-15.666855|-24.728371|-34.194397]
03:25:19.237,[0|10|20|30|40],[1|1|1|1|1],[-9.438677|-18.155062|-13.156330|-20.689249|-29.426311]
03:25:19.337,[0|10|20|30|40],[1|1|1|1|1],[-9.532225|-15.487591|-16.643894|-24.603748|-31.727051]
03:25:19.432,[0|10|20|30|40],[1|1|1|1|1],[-11.337132|-15.603280|-19.010925|-28.216862|-31.006981]
03:25:19.535,[0|10|20|30|40],[1|1|1|1|1],[-13.140387|-14.600411|-15.557587|-22.608709|-29.827404]
03:25:19.631,[0|10|20|30|40],[1|1|1|1|1],[-10.673306|-11.132780|-12.975777|-19.672728|-28.719616]
03:25:19.739,[0|10|20|30|40],[1|1|1|1|1],[-12.325006|-13.138861|-16.505253|-23.172401|-30.181526]
03:25:19.843,[0|10|20|30|40],[1|1|1|1|1],[-10.145926|-13.797873|-14.350080|-19.819809|-29.588842]
03:25:19.945,[0|10|20|30|40],[1|1|1|1|1],[-10.658015|-18.008011|-16.140223|-21.638607|-32.911564]
03:25:20.025,[0|10|20|30|40],[1|1|1|1|1],[-9.411571|-20.462439|-15.564227|-18.472313|-34.853386]
03:25:20.123,[0|10|20|30|40],[1|1|1|1|1],[-11.578216|-20.329622|-15.252649|-19.941975|-37.484669]
03:25:20.227,[0|10|20|30|40],[1|1|1|1|1],[-10.197234|-13.834661|-16.070187|-19.077110|-39.572739]
03:25:20.325,[0|10|20|30|40],[1|1|1|1|1],[-8.923304|-15.869701|-14.985359|-21.914459|-41.271328]
03:25:20.421,[0|10|20|30|40],[1|1|1|1|1],[-10.301688|-15.826035|-15.168201|-20.225954|-38.362026]
03:25:20.525,[0|10|20|30|40],[1|1|1|1|1],[-11.352017|-14.721266|-12.837052|-21.471523|-41.123127]
03:25:20.623,[0|10|20|30|40],[1|1|1|1|1],[-12.381228|-13.022703|-11.475409|-20.377398|-41.025116]
03:25:20.741,[0|10|20|30|40],[1|1|1|1|1],[-11.776077|-11.828616|-12.014591|-23.149990|-40.898777]
03:25:20.842,[0|10|20|30|40],[1|1|1|1|1],[-9.998110|-12.659481|-16.214085|-25.577116|-44.888329]
03:25:20.942,[0|10|20|30|40],[1|1|1|1|1],[-9.519860|-13.850713|-18.575691|-23.797560|-39.944054]
03:25:21.041,[0|10|20|30|40],[1|1|1|1|1],[11.352759|15.448984|22.559273|28.778816|44.983219]
03:25:21.144,[0|10|20|30|40],[1|1|1|1|1],[8.296072|13.203016|17.741627|23.063803|35.032059]
03:25:21.244,[0|10|20|30|40],[1|1|1|1|1],[9.278334|13.081678|17.601336|25.837303|39.294338]
03:25:21.324,[0|10|20|30|40],[1|1|1|1|1],[10.229710|15.969049|16.931837|23.722887|38.450504]
03:25:21.448,[0|10|20|30|40],[1|1|1|1|1],[10.852757|18.704323|20.875185|28.321289|40.515564]
03:25:21.541,[0|10|20|30|40],[1|1|1|1|1],[10.185099|17.842340|21.311069|26.498867|35.897945]
03:25:21.627,[0|10|20|30|40],[1|1|1|1|1],[9.567788|16.529354|18.078058|25.840855|34.019997]
03:25:21.724,[0|10|20|30|40],[1|1|1|1|1],[7.193941|15.011343|20.423878|25.807262|34.909557]
03:25:21.824,[0|10|20|30|40],[1|1|1|1|1],[7.468292|14.374873|19.809692|21.936916|32.277466]
03:25:21.926,[0|10|20|30|40],[1|1|1|1|1],[-7.246050|-13.479504|-17.748283|-20.179605|-26.308609]
03:25:22.022,[0|10|20|30|40],[1|1|1|1|1],[-8.846053|-13.648561|-16.892469|-19.362831|-24.699640]
03:25:22.143,[0|10|20|30|40],[1|1|1|1|1],[-9.266877|-18.220642|-16.637939|-17.931343|-28.204012]
03:25:22.243,[0|10|20|30|40],[1|1|1|1|1],[-10.128225|-20.152983|-16.736639|-18.663479|-29.632854]
03:25:22.342,[0|10|20|30|40],[1|1|1|1|1],[-9.665716|-14.888215|-15.159720|-20.833660|-31.214882]
03:25:22.444,[0|10|20|30|40],[1|1|1|1|1],[-11.564237|-16.983778|-17.678606|-21.606577|-33.339809]
03:25:22.523,[0|10|20|30|40],[1|1|1|1|1],[-11.370399|-17.633852|-14.877242|-20.983446|-35.170578]
03:25:22.645,[0|10|20|30|40],[1|1|1|1|1],[-10.872782|-13.614056|-13.711172|-22.056437|-39.285183]
03:25:22.724,[0|10|20|30|40],[1|1|1|1|1],[-13.558723|-15.362919|-14.137686|-18.174589|-35.460209]
03:25:22.825,[0|10|20|30|40],[1|1|1|1|1],[-11.546770|-14.749273|-14.412266|-25.233973|-42.213322]
03:25:22.927,[0|10|20|30|40],[1|1|1|1|1],[-11.764559|-14.425689|-17.615330|-26.257753|-42.711044]
03:25:23.042,[0|10|20|30|40],[1|1|1|1|1],[-7.828918|-12.904710|-14.562350|-24.581646|-41.134689]
03:25:23.127,[0|10|20|30|40],[1|1|1|1|1],[-8.608395|-14.275101|-13.898540|-22.553230|-37.171173]
03:25:23.235,[0|10|20|30|40],[1|1|1|1|1],[-10.175467|-14.321661|-12.645668|-20.993793|-37.507843]
03:25:23.334,[0|10|20|30|40],[1|1|1|1|1],[-8.467242|-14.458776|-15.657693|-23.227955|-34.976723]
03:25:23.434,[0|10|20|30|40],[1|1|1|1|1],[-9.615265|-14.574536|-13.730269|-19.855690|-29.806089]
03:25:23.532,[0|10|20|30|40],[1|1|1|1|1],[-9.948468|-15.782351|-14.828384|-17.042875|-27.624083]
03:25:23.638,[0|10|20|30|40],[1|1|1|1|1],[-12.233657|-16.476740|-15.444165|-17.624210|-33.028053]
03:25:23.738,[0|10|20|30|40],[1|1|1|1|1],[-13.022919|-11.844972|-12.930674|-14.144194|-27.335787]
03:25:23.834,[0|10|20|30|40],[1|1|1|1|1],[-11.276849|-11.776857|-13.808006|-17.402958|-32.120728]
03:25:23.931,[0|10|20|30|40],[1|1|1|1|1],[-12.018491|-15.187544|-14.052380|-18.099499|-32.584476]
03:25:24.037,[0|10|20|30|40],[1|1|1|1|1],[-13.179552|-15.947199|-12.703013|-21.024418|-32.976223]
03:25:24.137,[0|10|20|30|40],[1|1|1|1|1],[-12.436036|-15.042051|-13.058180|-18.713367|-33.640289]
03:25:24.235,[0|10|20|30|40],[1|1|1|1|1],[-8.987408|-10.410683|-12.099809|-21.886694|-36.499451]
03:25:24.338,[0|10|20|30|40],[1|1|1|1|1],[-9.301723|-11.091378|-12.571049|-20.232296|-33.986736]
03:25:24.433,[0|10|20|30|40],[1|1|1|1|1],[-8.910688|-11.997157|-12.834722|-19.063877|-31.390022]
03:25:24.535,[0|10|20|30|40],[1|1|1|1|1],[-8.876503|-9.443791|-11.888927|-19.154858|-31.486893]
03:25:24.637,[0|10|20|30|40],[1|1|1|1|1],[-8.074234|-9.675932|-13.209319|-17.979872|-27.347279]
03:25:24.735,[0|10|20|30|40],[1|1|1|1|1],[-7.649461|-9.949751|-12.213146|-16.972946|-28.319979]
03:25:24.835,[0|10|20|30|40],[1|1|1|1|1],[-5.058589|-10.650602|-13.957167|-17.888725|-29.388618]
03:25:24.931,[0|10|20|30|40],[1|1|1|1|1],[-6.637887|-11.759347|-12.455023|-17.211914|-26.007008]
03:25:25.033,[0|10|20|30|40],[1|1|1|1|1],[-8.304477|-12.716556|-11.334294|-13.128614|-24.473835]
03:25:25.134,[0|10|20|30|40],[1|1|1|1|1],[-8.853694|-13.828021|-12.267208|-15.558362|-28.261566]
03:25:25.238,[0|10|20|30|40],[1|1|1|1|1],[-8.728209|-13.382566|-14.742184|-18.765461|-32.745670]
03:25:25.334,[0|10|20|30|40],[1|1|1|1|1],[-9.804063|14.493924|15.454740|20.163334|32.217216]
03:25:25.444,[0|10|20|30|40],[1|1|1|1|1],[-11.259877|14.926204|14.361238|20.310295|32.694126]
03:25:25.543,[0|10|20|30|40],[1|1|1|1|1],[-8.608376|12.541896|13.685494|18.670809|30.662514]
03:25:25.621,[0|10|20|30|40],[1|1|1|1|1],[9.286055|12.014697|12.021274|16.586697|28.812122]
03:25:25.726,[0|10|20|30|40],[1|1|1|1|1],[9.072245|11.497089|9.168315|13.869953|28.550838]
03:25:25.821,[0|10|20|30|40],[1|1|1|1|1],[9.302509|11.401394|7.676184|14.213467|25.382710]
03:25:25.924,[0|10|20|30|40],[1|1|1|1|1],[8.773986|11.232344|11.484444|16.877628|23.258423]
03:25:26.041,[0|10|20|30|40],[1|1|1|1|1],[6.950990|14.306958|14.328093|18.213154|25.651764]
03:25:26.143,[0|10|20|30|40],[1|1|1|1|1],[8.678823|12.407207|13.209176|17.188227|23.380493]
03:25:26.228,[0|10|20|30|40],[1|1|1|1|1],[-7.747319|-12.621520|-12.795151|-20.181477|-27.143669]
03:25:26.325,[0|10|20|30|40],[1|1|1|1|1],[-7.083415|-14.418200|-13.916409|-17.971874|-25.376820]
03:25:26.431,[0|10|20|30|40],[1|1|1|1|1],[-8.098322|-15.317726|-14.488947|-18.004227|-23.736168]
03:25:26.534,[0|10|20|30|40],[1|1|1|1|1],[-9.733962|-16.245350|-13.594378|-17.031765|-26.535416]
03:25:26.634,[0|10|20|30|40],[1|1|1|1|1],[-8.843689|-14.825836|-11.759520|-18.592072|-28.370333]
03:25:26.732,[0|10|20|30|40],[1|1|1|1|1],[-9.921644|-16.284531|-14.051932|-21.645296|-32.615757]
03:25:26.838,[0|10|20|30|40],[1|1|1|1|1],[-8.567719|-12.155682|-12.802297|-19.065905|-31.240963]
03:25:26.932,[0|10|20|30|40],[1|1|1|1|1],[-5.454521|-13.286358|-14.826030|-20.463253|-31.319641]
03:25:27.033,[0|10|20|30|40],[1|1|1|1|1],[-7.363647|-13.450294|-13.670504|-19.773506|-31.502295]
03:25:27.138,[0|10|20|30|40],[1|1|1|1|1],[-8.981425|-13.058716|-11.865163|-18.798018|-33.896088]
03:25:27.237,[0|10|20|30|40],[1|1|1|1|1],[-7.078264|-13.861140|-12.373715|-20.238506|-31.891870]
03:25:27.333,[0|10|20|30|40],[1|1|1|1|1],[-7.692575|-12.212664|-12.301624|-20.171665|-34.489727]
03:25:27.433,[0|10|20|30|40],[1|1|1|1|1],[-8.199134|-13.986007|-14.637881|-20.220804|-31.099892]
03:25:27.537,[0|10|20|30|40],[1|1|1|1|1],[-9.130788|-14.453465|-13.912588|-22.625458|-30.384468]
03:25:27.637,[0|10|20|30|40],[1|1|1|1|1],[-8.138409|-12.791216|-12.287408|-21.027733|-29.833054]
03:25:27.738,[0|10|20|30|40],[1|1|1|1|1],[-8.595167|-12.115145|-12.528658|-19.451511|-28.840042]
03:25:27.847,[0|10|20|30|40],[1|1|1|1|1],[-7.023293|-11.436358|-13.832903|-21.955944|-30.694771]
03:25:27.941,[0|10|20|30|40],[1|1|1|1|1],[-7.626203|-16.298454|-16.091686|-22.843826|-32.175541]
03:25:28.041,[0|10|20|30|40],[1|1|1|1|1],[-7.245493|-13.437811|-12.402952|-19.368065|-30.900837]
03:25:28.128,[0|10|20|30|40],[1|1|1|1|1],[-7.632514|-14.126420|-13.786191|-18.826557|-22.729874]
03:25:28.229,[0|10|20|30|40],[1|1|1|1|1],[-10.047574|-16.231760|-14.007550|-20.134390|-25.987625]
03:25:28.325,[0|10|20|30|40],[1|1|1|1|1],[-9.630606|-14.691624|-17.100138|-17.810022|-21.658779]
03:25:28.425,[0|10|20|30|40],[1|1|1|1|1],[-10.844384|-13.422230|-13.064707|-18.235195|-24.043179]
03:25:28.541,[0|10|20|30|40],[1|1|1|1|1],[-12.526237|-15.292104|-14.800817|-16.875589|-22.886730]
03:25:28.642,[0|10|20|30|40],[1|1|1|1|1],[-10.697019|-14.933576|-14.432073|-15.750647|-20.410728]
03:25:28.722,[0|10|20|30|40],[1|1|1|1|1],[-10.420851|-12.668410|-11.777723|-14.450216|-21.189331]
03:25:28.843,[0|10|20|30|40],[1|1|1|1|1],[-8.688016|-13.589796|-12.924212|-17.424774|-22.670603]
03:25:28.942,[0|10|20|30|40],[1|1|1|1|1],[-11.531713|-16.311989|-11.693054|-11.377001|-18.883085]
03:25:29.022,[0|10|20|30|40],[1|1|1|1|1],[-9.347215|-11.015934|-9.342462|-13.351429|-19.450306]
03:25:29.121,[0|10|20|30|40],[1|1|1|1|1],[-9.581885|-11.845532|-7.751298|-10.405564|-12.419176]
03:25:29.235,[0|10|20|30|40],[1|1|1|1|1],[-8.920947|-10.342404|-11.657065|-13.329101|-17.851114]
03:25:29.335,[0|10|20|30|40],[1|1|1|1|1],[-10.261415|-9.161565|-8.954441|-8.819235|-10.771060]
03:25:29.438,[0|10|20|30|40],[1|1|1|1|1],[-8.786275|-9.254414|-11.154932|-8.857918|-9.286642]
03:25:29.532,[0|10|20|30|40],[1|1|1|1|1],[-9.188054|-10.746964|-11.497223|-10.405254|-9.804368]
03:25:29.611,[0|10|20|30|40],[1|1|1|1|1],[9.761956|11.301443|-11.262667|-10.465157|-10.094643]
03:25:29.746,[0|10|20|30|40],[1|1|1|1|1],[8.437996|11.789587|9.337110|10.072684|-8.645964]
03:25:29.842,[0|10|20|30|40],[1|1|1|1|1],[8.763070|12.156153|9.843183|10.595667|-8.708787]
03:25:29.941,[0|10|20|30|40],[1|1|1|1|1],[9.672830|10.620234|10.067331|12.882196|-8.585167]
03:25:30.044,[0|10|20|30|40],[1|1|1|1|1],[8.532649|10.250246|11.708098|13.145781|-9.395409]
03:25:30.128,[0|10|20|30|40],[1|1|1|1|1],[6.638153|6.987896|8.846813|-9.123969|-9.972787]
03:25:30.222,[0|10|20|30|40],[1|1|1|1|1],[6.735782|8.672065|10.010904|-10.668898|-7.881832]
03:25:30.341,[0|10|20|30|40],[1|1|1|1|1],[5.788158|7.241994|11.808598|-13.423241|-9.302902]
03:25:30.424,[0|10|20|30|40],[1|1|1|1|1],[-5.535470|-7.818916|-11.753774|-14.796185|-12.064195]
03:25:30.537,[0|10|20|30|40],[1|1|1|1|1],[-6.360237|-8.974017|-13.766909|-16.039980|-10.901058]
03:25:30.635,[0|10|20|30|40],[1|1|1|1|1],[-4.508941|-8.398557|-13.563776|-14.738846|-9.337055]
03:25:30.732,[0|10|20|30|40],[1|1|1|1|1],[-4.943726|-7.753836|-16.229931|-16.538250|-9.421503]
03:25:30.839,[0|10|20|30|40],[1|1|1|1|1],[-5.386746|-10.121610|-13.707015|-15.785885|-9.888721]
03:25:30.939,[0|10|20|30|40],[1|1|1|1|1],[-5.681231|-10.279602|-11.639229|-14.514357|-11.135399]
03:25:31.033,[0|10|20|30|40],[1|1|1|1|1],[-5.476449|-8.973318|-11.867770|-14.753092|-9.881973]
03:25:31.138,[0|10|20|30|40],[1|1|1|1|1],[-5.501308|-11.189492|-13.901064|-16.653460|-11.621655]
03:25:31.236,[0|10|20|30|40],[1|1|1|1|1],[-5.016988|-9.756625|-11.525928|-13.489461|-9.398640]
03:25:31.334,[0|10|20|30|40],[1|1|1|1|1],[-7.402252|-11.838602|-9.931120|-10.881615|-8.488977]
03:25:31.431,[0|10|20|30|40],[1|1|1|1|1],[-7.457482|-10.490276|-10.870782|-9.947783|-8.631075]
03:25:31.532,[0|10|20|30|40],[1|1|1|1|1],[-6.639591|-9.615901|-10.754007|-9.977638|-8.655691]
03:25:31.638,[0|10|20|30|40],[1|1|1|1|1],[-5.985410|-7.699610|-9.119478|-7.980752|-8.979273]
03:25:31.734,[0|10|20|30|40],[1|1|1|1|1],[-5.919935|-7.385923|-9.178818|-10.528374|-10.138834]
03:25:31.835,[0|10|20|30|40],[1|1|1|1|1],[-6.681205|-7.858966|-8.123586|-7.729560|-8.962929]
03:25:31.934,[0|10|20|30|40],[1|1|1|1|1],[-6.046136|-7.358339|-8.259949|-6.598228|-9.337401]
03:25:32.035,[0|10|20|30|40],[1|1|1|1|1],[-5.306644|-5.552308|-4.650682|-6.430840|-10.454440]
03:25:32.134,[0|10|20|30|40],[1|1|1|1|1],[-6.268732|-6.907079|-5.518124|-7.115281|-10.262310]
03:25:32.234,[0|10|20|30|40],[1|1|1|1|1],[-5.045902|-6.740418|-5.718443|-7.454544|-9.784710]
03:25:32.336,[0|10|20|30|40],[1|1|1|1|1],[-4.656561|-5.712506|-5.650395|-7.804346|-11.432576]
03:25:32.438,[0|10|20|30|40],[1|1|1|1|1],[-3.513430|-5.611554|-5.069652|-8.676213|-11.828793]
03:25:32.537,[0|10|20|30|40],[1|1|1|1|1],[-4.177922|-5.175262|-3.528586|-8.338827|-11.199892]
03:25:32.633,[0|10|20|30|40],[1|1|1|1|1],[-2.985539|-3.697438|-4.001007|-8.539963|-12.700521]
03:25:32.734,[0|10|20|30|40],[1|1|1|1|1],[-3.357097|-3.635125|-4.826140|-7.923150|-13.847054]
03:25:32.835,[0|10|20|30|40],[1|1|1|1|1],[-3.710754|-3.288912|-4.018405|-8.004975|-14.366627]
03:25:32.932,[0|10|20|30|40],[1|1|1|1|1],[-2.622245|-1.852757|-4.755407|-7.432490|-16.188776]
03:25:33.044,[0|10|20|30|40],[1|1|1|1|1],[1.724853|-2.932522|-6.488747|-10.378599|-17.968380]
03:25:33.144,[0|10|20|30|40],[1|1|1|1|1],[1.203477|-3.390107|-7.295564|-11.939436|-21.159256]
03:25:33.232,[0|10|20|30|40],[1|1|1|1|1],[1.411945|-2.707459|-6.623373|-13.989067|-22.722042]
03:25:33.332,[0|10|20|30|40],[1|1|1|1|1],[1.413715|-2.389400|-7.538781|-16.509766|-27.258480]
03:25:33.434,[0|10|20|30|40],[1|1|1|1|1],[-1.808682|-4.096587|-11.858055|-19.681812|-26.983738]
03:25:33.533,[0|10|20|30|40],[1|1|1|1|1],[-2.195913|-4.825963|-13.775950|-23.447968|-31.238937]
03:25:33.625,[0|10|20|30|40],[1|1|1|1|1],[-2.326070|-5.559664|-16.015694|-26.835323|-35.027481]
03:25:33.736,[0|10|20|30|40],[1|1|1|1|1],[-2.700692|-7.454113|-16.131374|-27.032555|-35.251762]
03:25:33.837,[0|10|20|30|40],[1|1|1|1|1],[-3.144550|-9.485182|-18.496964|-27.352190|-35.681870]
03:25:33.935,[0|10|20|30|40],[1|1|1|1|1],[-1.709177|9.011444|17.880831|28.303635|37.328484]
03:25:34.031,[0|10|20|30|40],[1|1|1|1|1],[2.048084|9.435720|17.595840|26.698339|36.297844]
03:25:34.133,[0|10|20|30|40],[1|1|1|1|1],[2.943619|8.877051|17.056290|26.502728|35.207153]
03:25:34.238,[0|10|20|30|40],[1|1|1|1|1],[3.710060|11.005128|16.850407|20.320724|35.317326]
03:25:34.334,[0|10|20|30|40],[1|1|1|1|1],[2.387645|12.150487|16.727247|20.510971|37.151264]
03:25:34.432,[0|10|20|30|40],[1|1|1|1|1],[3.150673|10.829236|13.802939|14.721346|34.216499]
03:25:34.531,[0|10|20|30|40],[1|1|1|1|1],[4.135443|11.642090|14.410072|15.653955|34.442448]
03:25:34.638,[0|10|20|30|40],[1|1|1|1|1],[5.831859|13.303696|15.780693|16.232395|33.975006]
03:25:34.736,[0|10|20|30|40],[1|1|1|1|1],[6.026320|16.390545|18.855078|18.379284|-30.328417]
03:25:34.837,[0|10|20|30|40],[1|1|1|1|1],[-7.401132|-14.919001|-16.138523|-17.404472|-33.186604]
03:25:34.932,[0|10|20|30|40],[1|1|1|1|1],[-9.314076|-14.490768|-15.619758|-17.434872|-29.612995]
03:25:35.012,[0|10|20|30|40],[1|1|1|1|1],[-9.029373|-13.958892|-16.260099|-18.746937|-27.038361]
03:25:35.133,[0|10|20|30|40],[1|1|1|1|1],[-7.392612|-13.828020|-13.367623|-15.403104|-23.646402]
03:25:35.237,[0|10|20|30|40],[1|1|1|1|1],[-8.596695|-14.450624|-12.758482|-11.414862|-17.300320]
03:25:35.337,[0|10|20|30|40],[1|1|1|1|1],[-10.322412|-14.654236|-13.024491|-10.981501|-13.986754]
03:25:35.431,[0|10|20|30|40],[1|1|1|1|1],[-9.915380|-13.899241|-9.780044|-7.290649|12.446976]
03:25:35.532,[0|10|20|30|40],[1|1|1|1|1],[-10.080598|-11.334534|-9.147966|7.766187|12.398076]
03:25:35.634,[0|10|20|30|40],[1|1|1|1|1],[-7.383046|-8.894150|-4.524338|9.083652|11.741996]
03:25:35.734,[0|10|20|30|40],[1|1|1|1|1],[-7.989675|-10.713747|3.789568|10.137976|10.873580]
03:25:35.832,[0|10|20|30|40],[1|1|1|1|1],[-8.911258|-9.771016|-5.646467|11.254478|-17.064333]
03:25:35.914,[0|10|20|30|40],[1|1|1|1|1],[-7.800475|-9.751871|-5.331326|11.621642|-25.578880]
03:25:36.022,[0|10|20|30|40],[1|1|1|1|1],[-8.560578|-9.354487|-6.940460|-14.887905|-43.220566]
03:25:36.123,[0|10|20|30|40],[1|1|1|1|1],[-7.685165|-11.628908|-9.700346|-19.151615|-57.029652]
03:25:36.224,[0|10|20|30|40],[1|1|1|1|1],[-7.761802|-10.337889|-11.312395|-24.284946|-67.440178]
03:25:36.335,[0|10|20|30|40],[1|1|1|1|1],[-7.140230|-9.450887|-13.740775|-32.911133|-82.898834]
03:25:36.431,[0|10|20|30|40],[1|1|1|1|1],[-7.886084|-9.838873|-14.321071|-39.834904|-89.706108]
03:25:36.532,[0|10|20|30|40],[1|1|1|1|1],[-8.470723|-11.302644|-19.355122|-50.377251|-95.514343]
03:25:36.633,[0|10|20|30|40],[1|1|1|1|1],[-8.105588|-11.421958|-25.220236|-61.562263|-100.690079]
03:25:36.736,[0|10|20|30|40],[1|1|1|1|1],[-10.278338|-15.410975|-28.308599|-61.985420|-104.322144]
03:25:36.833,[0|10|20|30|40],[1|1|1|1|1],[-11.359104|-16.215784|-28.399691|-59.722733|-99.073029]
03:25:36.934,[0|10|20|30|40],[1|1|1|1|1],[-10.531661|-16.588760|-25.403177|-52.523376|-88.912964]
03:25:37.034,[0|10|20|30|40],[1|1|1|1|1],[-7.658422|-18.341536|-25.076147|-46.824860|-79.567810]
03:25:37.135,[0|10|20|30|40],[1|1|1|1|1],[-8.558989|-24.778711|-28.502661|-43.924141|-74.200729]
03:25:37.233,[0|10|20|30|40],[1|1|1|1|1],[-9.006393|-26.629089|-27.366817|-45.179199|-72.290230]
03:25:37.332,[0|10|20|30|40],[1|1|1|1|1],[-11.584711|-28.801256|-26.920378|-38.724159|-63.257217]
03:25:37.434,[0|10|20|30|40],[1|1|1|1|1],[-12.137217|-31.668615|-27.668499|-36.721657|-63.194466]
03:25:37.535,[0|10|20|30|40],[1|1|1|1|1],[-14.813507|-27.613026|-23.259056|-30.746006|-69.597961]
03:25:37.634,[0|10|20|30|40],[1|1|1|1|1],[-15.760976|-26.992899|-22.374529|-28.537178|-69.165848]
03:25:37.734,[0|10|20|30|40],[1|1|1|1|1],[-19.658148|-27.741713|-23.242462|-36.685371|-81.479263]
03:25:37.835,[0|10|20|30|40],[1|1|1|1|1],[-19.254541|-26.607597|-23.875385|-38.666367|-85.587692]
03:25:37.932,[0|10|20|30|40],[1|1|1|1|1],[-21.108776|-28.152269|-22.408789|-39.973808|-98.120071]
03:25:38.041,[0|10|20|30|40],[1|1|1|1|1],[-20.420361|-28.886753|-24.317234|-45.279408|-109.707497]
03:25:38.122,[0|10|20|30|40],[1|1|1|1|1],[-21.788549|-25.968691|-26.425797|-49.516392|-116.180229]
03:25:38.223,[0|10|20|30|40],[1|1|1|1|1],[20.265186|22.559967|28.261667|56.950760|127.004959]
03:25:38.324,[0|10|20|30|40],[1|1|1|1|1],[14.576292|20.244699|31.454109|56.070900|106.580826]
03:25:38.424,[0|10|20|30|40],[1|1|1|1|1],[14.751768|20.976133|28.556120|46.759796|109.349678]
03:25:38.541,[0|10|20|30|40],[1|1|1|1|1],[14.344541|20.810890|27.722656|51.477600|119.918106]
03:25:38.624,[0|10|20|30|40],[1|1|1|1|1],[14.258301|25.461748|31.812059|52.031731|109.551666]
03:25:38.743,[0|10|20|30|40],[1|1|1|1|1],[13.041723|27.177412|28.205288|45.883011|96.052505]
03:25:38.844,[0|10|20|30|40],[1|1|1|1|1],[11.139199|28.078995|26.617336|50.798080|96.716599]
03:25:38.944,[0|10|20|30|40],[1|1|1|1|1],[10.585138|28.243088|30.963839|56.671715|-76.592255]
03:25:39.041,[0|10|20|30|40],[1|1|1|1|1],[13.612875|32.302647|33.362949|64.425972|-74.659256]
03:25:39.143,[0|10|20|30|40],[1|1|1|1|1],[-14.211896|-28.353008|-29.799866|-58.474777|-74.774979]
03:25:39.246,[0|10|20|30|40],[1|1|1|1|1],[-15.306274|-29.118002|-30.786980|-55.780457|-100.699326]
03:25:39.324,[0|10|20|30|40],[1|1|1|1|1],[-16.007381|-31.109602|-28.847754|-54.520180|-99.152946]
03:25:39.421,[0|10|20|30|40],[1|1|1|1|1],[-18.607571|-31.194019|-32.289780|-59.815170|-83.376221]
03:25:39.523,[0|10|20|30|40],[1|1|1|1|1],[-10.248518|-28.083157|-37.394535|-74.765205|-102.027985]
03:25:39.625,[0|10|20|30|40],[1|1|1|1|1],[-10.936785|-33.535431|-36.908661|-73.468735|-50.326920]
03:25:39.741,[0|10|20|30|40],[1|1|1|1|1],[-12.338789|-32.590641|-36.456764|-86.998657|-66.822624]
03:25:39.821,[0|10|20|30|40],[1|1|1|1|1],[-12.532055|-30.487907|-35.055172|-77.356003|-13.885593]
03:25:39.936,[0|10|20|30|40],[1|1|1|1|1],[-9.085110|-26.814497|-31.304216|-68.346405|-33.895874]
03:25:40.034,[0|10|20|30|40],[1|1|1|1|1],[-12.409364|-27.310450|-29.582453|-52.560379|-46.482849]
03:25:40.133,[0|10|20|30|40],[1|1|1|1|1],[-12.749582|-30.489641|-34.169449|-65.745972|-56.590652]
03:25:40.233,[0|10|20|30|40],[1|1|1|1|1],[-14.127266|-29.951769|-37.467384|-61.696289|-71.573448]
03:25:40.332,[0|10|20|30|40],[1|1|1|1|1],[-13.749865|-28.688515|-36.906624|-62.968491|-82.020859]
03:25:40.432,[0|10|20|30|40],[1|1|1|1|1],[-12.251663|-32.489784|-35.535286|-60.161209|-45.174408]
03:25:40.533,[0|10|20|30|40],[1|1|1|1|1],[-10.775431|-39.706818|-35.793865|-53.060867|-59.091663]
03:25:40.636,[0|10|20|30|40],[1|1|1|1|1],[-15.219106|-39.615841|-30.295515|-50.111580|-43.432522]
03:25:40.735,[0|10|20|30|40],[1|1|1|1|1],[-16.174503|-42.251541|-36.699425|-61.157513|-35.403156]
03:25:40.837,[0|10|20|30|40],[1|1|1|1|1],[-18.735994|-43.326286|-32.888592|-51.983261|-52.417183]
03:25:40.934,[0|10|20|30|40],[1|1|1|1|1],[-18.043039|-44.601135|-32.905113|-49.243927|-66.263672]
03:25:41.036,[0|10|20|30|40],[1|1|1|1|1],[-15.430573|-37.567413|-25.604380|-37.313080|-84.924789]
03:25:41.136,[0|10|20|30|40],[1|1|1|1|1],[-16.477522|-30.713861|-21.255375|-34.723137|-49.128387]
03:25:41.234,[0|10|20|30|40],[1|1|1|1|1],[-18.341204|-28.562038|-17.709469|-37.823151|-60.733128]
03:25:41.333,[0|10|20|30|40],[1|1|1|1|1],[-16.258965|-25.188648|-20.427549|-43.853451|-76.307770]
03:25:41.435,[0|10|20|30|40],[1|1|1|1|1],[-11.768742|-22.531118|-19.650089|-28.611326|-70.393990]
03:25:41.536,[0|10|20|30|40],[1|1|1|1|1],[-11.886014|-21.818130|-19.207191|-33.533859|-83.898636]
03:25:41.617,[0|10|20|30|40],[1|1|1|1|1],[-8.456191|-13.776981|-10.935998|-31.617809|-65.821983]
03:25:41.738,[0|10|20|30|40],[1|1|1|1|1],[-5.122161|-13.242091|-11.273551|-32.669163|-38.481667]
03:25:41.833,[0|10|20|30|40],[1|1|1|1|1],[-4.740599|-10.760042|-11.614728|-34.329651|-53.152752]
03:25:41.938,[0|10|20|30|40],[1|1|1|1|1],[-5.149418|-11.708612|-10.106838|-30.588818|-55.006363]
03:25:42.039,[0|10|20|30|40],[1|1|1|1|1],[-5.392788|-12.032868|-9.060753|-25.553345|-64.351128]
03:25:42.132,[0|10|20|30|40],[1|1|1|1|1],[-4.303992|-8.649336|-6.751382|-26.090408|-64.583115]
03:25:42.237,[0|10|20|30|40],[1|1|1|1|1],[-5.063200|-7.258236|-8.405828|-24.218060|-56.499817]
03:25:42.312,[0|10|20|30|40],[1|1|1|1|1],[-5.543101|-7.184867|-9.338867|-19.759369|-56.551979]
03:25:42.432,[0|10|20|30|40],[1|1|1|1|1],[-5.483275|-9.263579|-10.167969|-24.357653|-77.405975]
03:25:42.532,[0|10|20|30|40],[1|1|1|1|1],[-6.402704|10.618283|14.553583|29.086994|75.670670]
03:25:42.638,[0|10|20|30|40],[1|1|1|1|1],[-4.371823|6.843657|12.156284|28.670549|90.920258]
03:25:42.725,[0|10|20|30|40],[1|1|1|1|1],[-5.312428|8.952460|12.770987|26.557064|96.167847]
03:25:42.824,[0|10|20|30|40],[1|1|1|1|1],[5.853641|10.752088|12.676298|27.186466|89.491798]
03:25:42.942,[0|10|20|30|40],[1|1|1|1|1],[6.642899|12.028846|12.876678|37.680317|66.843178]
03:25:43.025,[0|10|20|30|40],[1|1|1|1|1],[8.154485|19.765429|17.709087|29.162359|56.053497]
03:25:43.142,[0|10|20|30|40],[1|1|1|1|1],[7.198891|20.588673|19.673788|33.524014|75.909470]
03:25:43.242,[0|10|20|30|40],[1|1|1|1|1],[10.081056|24.119236|21.884680|39.210247|90.438171]
03:25:43.342,[0|10|20|30|40],[1|1|1|1|1],[-7.822734|21.430668|17.581331|37.039375|-86.466125]
03:25:43.445,[0|10|20|30|40],[1|1|1|1|1],[-9.554129|-19.537485|-19.484674|-40.380287|-100.138092]
03:25:43.523,[0|10|20|30|40],[1|1|1|1|1],[-9.868256|-19.044880|-21.821190|-44.108437|-93.193344]
03:25:43.624,[0|10|20|30|40],[1|1|1|1|1],[-10.428351|-19.238960|-23.551250|-48.724319|-105.570984]
03:25:43.725,[0|10|20|30|40],[1|1|1|1|1],[-10.909590|-19.601175|-26.986610|-57.121754|-102.982521]
03:25:43.822,[0|10|20|30|40],[1|1|1|1|1],[-11.296842|-21.341768|-23.250591|-56.921196|-76.629730]
03:25:43.923,[0|10|20|30|40],[1|1|1|1|1],[-8.859051|-17.574007|-24.405457|-51.844788|-75.992775]
03:25:44.043,[0|10|20|30|40],[1|1|1|1|1],[-10.003391|-17.910339|-23.560596|-49.662445|-58.162117]
03:25:44.122,[0|10|20|30|40],[1|1|1|1|1],[-6.269787|-16.034830|-24.701668|-48.835087|-56.910896]
03:25:44.222,[0|10|20|30|40],[1|1|1|1|1],[-8.013455|-19.632238|-28.978657|-48.028660|-70.498184]
03:25:44.342,[0|10|20|30|40],[1|1|1|1|1],[-7.937424|-19.770504|-29.058624|-45.407200|-75.194595]
03:25:44.427,[0|10|20|30|40],[1|1|1|1|1],[-6.610314|-18.699150|-26.685833|-41.886520|-67.570496]
03:25:44.525,[0|10|20|30|40],[1|1|1|1|1],[-5.551067|-19.081646|-23.868107|-42.408085|-84.367516]
03:25:44.631,[0|10|20|30|40],[1|1|1|1|1],[-6.268595|-19.602812|-18.050014|-42.341995|-81.068756]
03:25:44.732,[0|10|20|30|40],[1|1|1|1|1],[-5.803797|-22.263552|-15.148497|-38.157127|-59.008789]
03:25:44.834,[0|10|20|30|40],[1|1|1|1|1],[-7.256481|-24.533262|-17.077959|-45.581291|-47.247887]
03:25:44.935,[0|10|20|30|40],[1|1|1|1|1],[-7.765585|-22.496553|-16.372919|-44.984673|-61.173058]
03:25:45.034,[0|10|20|30|40],[1|1|1|1|1],[-11.016558|-22.470736|-17.526579|-43.051292|-65.653275]
03:25:45.132,[0|10|20|30|40],[1|1|1|1|1],[-9.687838|-20.185181|-19.348907|-43.915367|-71.921967]
03:25:45.236,[0|10|20|30|40],[1|1|1|1|1],[-10.494438|-20.971128|-17.597210|-44.616318|-68.529846]
03:25:45.334,[0|10|20|30|40],[1|1|1|1|1],[-9.274086|-19.361486|-16.132307|-45.270920|-80.926132]
03:25:45.436,[0|10|20|30|40],[1|1|1|1|1],[-10.232721|-17.604046|-13.917994|-45.382023|-90.403175]
03:25:45.533,[0|10|20|30|40],[1|1|1|1|1],[-10.320849|-18.161180|-15.374720|-49.790146|-50.390961]
03:25:45.631,[0|10|20|30|40],[1|1|1|1|1],[-8.249958|-17.761950|-21.301020|-51.247597|-47.793293]
03:25:45.735,[0|10|20|30|40],[1|1|1|1|1],[-8.504854|-18.187540|-24.284184|-57.894279|-47.364902]
03:25:45.838,[0|10|20|30|40],[1|1|1|1|1],[-8.816488|-18.145054|-22.895575|-46.812775|-39.719677]
03:25:45.934,[0|10|20|30|40],[1|1|1|1|1],[-6.413713|-18.996004|-22.737587|-38.161469|-49.464561]
03:25:46.035,[0|10|20|30|40],[1|1|1|1|1],[-9.804708|-15.721260|-19.296276|-35.436249|-65.993355]
03:25:46.135,[0|10|20|30|40],[1|1|1|1|1],[-7.878538|-15.631067|-15.768623|-28.542328|-61.699104]
03:25:46.232,[0|10|20|30|40],[1|1|1|1|1],[-8.991763|-17.478279|-16.385437|-25.908613|-34.915688]
03:25:46.337,[0|10|20|30|40],[1|1|1|1|1],[-10.048514|-21.049103|-17.560184|-33.077240|-54.234314]
03:25:46.436,[0|10|20|30|40],[1|1|1|1|1],[-9.148516|-20.365990|-12.579048|-29.534912|-55.672691]
03:25:46.532,[0|10|20|30|40],[1|1|1|1|1],[-11.279625|-19.501993|-12.673176|-20.129490|-64.478973]
03:25:46.634,[0|10|20|30|40],[1|1|1|1|1],[-12.563594|-20.806297|-10.806656|-22.121572|-65.876579]
03:25:46.734,[0|10|20|30|40],[1|1|1|1|1],[-12.795356|-19.976074|-10.995555|-25.616074|-70.028641]
03:25:46.835,[0|10|20|30|40],[1|1|1|1|1],[11.314710|-17.760225|11.591637|37.666893|77.527428]
03:25:46.937,[0|10|20|30|40],[1|1|1|1|1],[13.838143|16.585772|10.763979|36.693287|63.329220]
03:25:47.024,[0|10|20|30|40],[1|1|1|1|1],[12.931709|18.393621|11.076630|33.761360|56.992817]
03:25:47.124,[0|10|20|30|40],[1|1|1|1|1],[13.755735|18.346001|10.277355|46.036957|70.384552]
03:25:47.221,[0|10|20|30|40],[1|1|1|1|1],[10.098674|16.387108|8.487904|41.259048|61.800385]
03:25:47.328,[0|10|20|30|40],[1|1|1|1|1],[11.052910|16.457886|12.196589|46.648502|64.667320]
03:25:47.421,[0|10|20|30|40],[1|1|1|1|1],[5.944446|11.661525|14.117563|41.518166|-56.596611]
03:25:47.523,[0|10|20|30|40],[1|1|1|1|1],[5.597351|11.368191|18.215919|33.394718|-57.790421]
03:25:47.641,[0|10|20|30|40],[1|1|1|1|1],[7.529059|15.988148|23.205244|40.619469|-71.682167]
03:25:47.725,[0|10|20|30|40],[1|1|1|1|1],[-8.105089|-13.947294|-19.364988|-38.553001|-43.003464]
03:25:47.828,[0|10|20|30|40],[1|1|1|1|1],[-8.492057|-13.913552|-19.875622|-39.837456|-49.955986]
03:25:47.945,[0|10|20|30|40],[1|1|1|1|1],[-7.148776|-16.122141|-24.357235|-52.389191|-73.635193]
03:25:48.047,[0|10|20|30|40],[1|1|1|1|1],[-8.567442|-19.667551|-17.091869|-31.256962|-79.401825]
03:25:48.144,[0|10|20|30|40],[1|1|1|1|1],[-9.670441|-22.345373|-18.359734|-35.997627|-93.180756]
03:25:48.224,[0|10|20|30|40],[1|1|1|1|1],[-9.132399|-19.203806|-17.041611|-35.444405|-100.183105]
03:25:48.322,[0|10|20|30|40],[1|1|1|1|1],[-10.523163|-22.357998|-18.636513|-40.998268|-89.065742]
03:25:48.425,[0|10|20|30|40],[1|1|1|1|1],[-8.809662|-24.558687|-24.568880|-47.550728|-71.191315]
03:25:48.526,[0|10|20|30|40],[1|1|1|1|1],[-6.483099|-23.502758|-22.158886|-43.643616|-82.845070]
03:25:48.641,[0|10|20|30|40],[1|1|1|1|1],[-8.460657|-24.695501|-17.033863|-40.277245|-37.808418]
03:25:48.742,[0|10|20|30|40],[1|1|1|1|1],[-10.519603|-24.706593|-17.127632|-41.920898|-48.361542]
03:25:48.824,[0|10|20|30|40],[1|1|1|1|1],[-9.344879|-24.391977|-15.863096|-25.745773|-56.612396]
03:25:48.924,[0|10|20|30|40],[1|1|1|1|1],[-9.144089|-23.310741|-18.451298|-29.573965|-59.251118]
03:25:49.024,[0|10|20|30|40],[1|1|1|1|1],[-10.804293|-25.284302|-16.417158|-25.155830|-80.883553]
03:25:49.124,[0|10|20|30|40],[1|1|1|1|1],[-13.632889|-25.945496|-16.711437|-31.568861|-56.385231]
03:25:49.227,[0|10|20|30|40],[1|1|1|1|1],[-11.275419|-23.333004|-22.098959|-41.424797|-65.880013]
03:25:49.327,[0|10|20|30|40],[1|1|1|1|1],[-7.664056|-16.703997|-15.554833|-35.513115|-87.298820]
03:25:49.425,[0|10|20|30|40],[1|1|1|1|1],[-8.245075|-18.646751|-16.471540|-39.909554|-102.230164]
03:25:49.522,[0|10|20|30|40],[1|1|1|1|1],[-7.408303|-18.929293|-16.871357|-41.731880|-74.411102]
03:25:49.627,[0|10|20|30|40],[1|1|1|1|1],[-9.391930|-15.456061|-17.069435|-49.325275|-63.232658]
03:25:49.724,[0|10|20|30|40],[1|1|1|1|1],[-6.531783|-11.506899|-18.671871|-53.232861|-60.387756]
03:25:49.843,[0|10|20|30|40],[1|1|1|1|1],[-7.339670|-11.956808|-21.066475|-51.752899|-46.591949]
03:25:49.928,[0|10|20|30|40],[1|1|1|1|1],[-5.370645|-18.868404|-20.755852|-44.804146|-40.404987]
03:25:50.044,[0|10|20|30|40],[1|1|1|1|1],[-6.050201|-18.447517|-23.392403|-44.113350|-50.006821]
03:25:50.141,[0|10|20|30|40],[1|1|1|1|1],[-6.006500|-18.621748|-19.058931|-36.592674|-62.388897]
03:25:50.244,[0|10|20|30|40],[1|1|1|1|1],[-7.866899|-22.167528|-18.001402|-24.645233|-29.139090]
03:25:50.341,[0|10|20|30|40],[1|1|1|1|1],[-9.683728|-24.642393|-23.122620|-32.220078|-38.989784]
03:25:50.445,[0|10|20|30|40],[1|1|1|1|1],[-11.258570|-27.471062|-23.216259|-39.999485|-55.438805]
03:25:50.522,[0|10|20|30|40],[1|1|1|1|1],[-7.783218|-25.557697|-22.009361|-34.242058|-66.321327]
03:25:50.621,[0|10|20|30|40],[1|1|1|1|1],[-9.492948|-27.831415|-21.025681|-26.698589|-52.296352]
03:25:50.738,[0|10|20|30|40],[1|1|1|1|1],[-11.060363|-25.825136|-21.920061|-34.606216|-82.986687]
03:25:50.834,[0|10|20|30|40],[1|1|1|1|1],[-7.957550|-30.267984|-20.287741|-31.073475|-95.043137]
03:25:50.938,[0|10|20|30|40],[1|1|1|1|1],[-10.469834|-25.445110|-19.142019|-38.040924|-115.135048]
03:25:51.032,[0|10|20|30|40],[1|1|1|1|1],[-9.990257|-23.993963|-19.307434|-42.937542|-137.387985]
03:25:51.135,[0|10|20|30|40],[1|1|1|1|1],[-10.199197|21.728865|21.115255|52.425575|117.524048]
03:25:51.237,[0|10|20|30|40],[1|1|1|1|1],[-10.096623|21.288967|17.781712|50.703026|113.640068]
03:25:51.335,[0|10|20|30|40],[1|1|1|1|1],[10.344391|20.874763|16.823721|49.709938|29.052591]
03:25:51.432,[0|10|20|30|40],[1|1|1|1|1],[9.771583|17.496105|21.257759|54.394104|36.374283]
03:25:51.532,[0|10|20|30|40],[1|1|1|1|1],[9.621507|19.864033|24.273169|59.954571|50.694611]
03:25:51.636,[0|10|20|30|40],[1|1|1|1|1],[10.045743|17.224445|23.273682|45.181129|63.163090]
03:25:51.736,[0|10|20|30|40],[1|1|1|1|1],[8.587451|19.822428|22.978342|38.289356|-50.628948]
03:25:51.834,[0|10|20|30|40],[1|1|1|1|1],[10.035567|18.824286|26.330126|39.998604|-62.785767]
03:25:51.938,[0|10|20|30|40],[1|1|1|1|1],[10.666974|18.069094|25.141562|33.875202|-74.920990]
03:25:52.032,[0|10|20|30|40],[1|1|1|1|1],[-10.295820|-19.421190|-26.165844|-35.639145|-83.139709]
03:25:52.133,[0|10|20|30|40],[1|1|1|1|1],[-7.916571|-24.532413|-29.039742|-41.173626|-77.640579]
03:25:52.231,[0|10|20|30|40],[1|1|1|1|1],[-11.108587|-27.072149|-28.117275|-39.783360|-81.091644]
03:25:52.332,[0|10|20|30|40],[1|1|1|1|1],[-11.448627|-25.324070|-24.909664|-43.170738|-92.442612]
03:25:52.434,[0|10|20|30|40],[1|1|1|1|1],[-10.464626|-26.362419|-23.551416|-37.216187|-67.195847]
03:25:52.536,[0|10|20|30|40],[1|1|1|1|1],[-12.044546|-24.676695|-19.030403|-33.898663|-56.599190]
03:25:52.634,[0|10|20|30|40],[1|1|1|1|1],[-8.764490|-26.936575|-18.990421|-26.105499|-58.481171]
03:25:52.731,[0|10|20|30|40],[1|1|1|1|1],[-9.356025|-22.229958|-14.479256|-25.499868|-50.240421]
03:25:52.836,[0|10|20|30|40],[1|1|1|1|1],[-11.037454|-24.620775|-14.632106|-24.930906|-44.341755]
03:25:52.934,[0|10|20|30|40],[1|1|1|1|1],[-10.752371|-25.362617|-24.922525|-28.021503|-51.495598]
03:25:53.034,[0|10|20|30|40],[1|1|1|1|1],[-8.958748|-26.147848|-22.068739|-29.194498|-53.735733]
03:25:53.136,[0|10|20|30|40],[1|1|1|1|1],[-9.573680|-29.404673|-22.181606|-27.805710|-53.515198]
03:25:53.232,[0|10|20|30|40],[1|1|1|1|1],[-11.504642|-27.003271|-19.730080|-29.045559|-55.295326]
03:25:53.335,[0|10|20|30|40],[1|1|1|1|1],[-10.287374|-26.836977|-17.957174|-26.483322|-51.497986]
03:25:53.434,[0|10|20|30|40],[1|1|1|1|1],[-11.695764|-27.889534|-17.656242|-23.842859|-44.647598]
03:25:53.537,[0|10|20|30|40],[1|1|1|1|1],[-10.773966|-22.567802|-16.691303|-24.784136|-51.637032]
03:25:53.632,[0|10|20|30|40],[1|1|1|1|1],[-12.193082|-21.816540|-16.558802|-24.838161|-47.469521]
03:25:53.731,[0|10|20|30|40],[1|1|1|1|1],[-11.737369|-19.873344|-15.966833|-27.375746|-43.722343]
03:25:53.838,[0|10|20|30|40],[1|1|1|1|1],[-8.183014|-11.849562|-15.968132|-24.439430|-34.588097]
03:25:53.936,[0|10|20|30|40],[1|1|1|1|1],[-6.683193|-14.618522|-15.482557|-25.253941|-35.061169]
03:25:54.032,[0|10|20|30|40],[1|1|1|1|1],[-6.740330|-16.474899|-17.066479|-25.428177|-30.347395]
03:25:54.143,[0|10|20|30|40],[1|1|1|1|1],[-8.189138|-15.188265|-16.096771|-23.562050|-26.765656]
03:25:54.223,[0|10|20|30|40],[1|1|1|1|1],[-7.119329|-14.854881|-16.666168|-22.668123|-21.792841]
03:25:54.348,[0|10|20|30|40],[1|1|1|1|1],[-7.762840|-14.000595|-17.994398|-22.540998|-17.155193]
03:25:54.428,[0|10|20|30|40],[1|1|1|1|1],[-8.140886|-13.455221|-13.412535|-10.052443|-8.327818]
03:25:54.524,[0|10|20|30|40],[1|1|1|1|1],[-7.273364|-10.950701|-9.322357|-7.828355|-6.526685]
03:25:54.644,[0|10|20|30|40],[1|1|1|1|1],[-7.489917|-11.335224|-10.154528|-11.000729|-10.140920]
03:25:54.741,[0|10|20|30|40],[1|1|1|1|1],[-7.234325|-12.435007|-15.463871|-13.948345|-13.156056]
03:25:54.844,[0|10|20|30|40],[1|1|1|1|1],[-5.978095|-13.508087|-18.026972|-15.053892|-15.416408]
03:25:54.944,[0|10|20|30|40],[1|1|1|1|1],[-7.298392|-13.519627|-16.390699|-16.181351|-15.709686]
03:25:55.044,[0|10|20|30|40],[1|1|1|1|1],[-8.032286|-16.536087|-14.266080|-16.817141|-15.554523]
03:25:55.144,[0|10|20|30|40],[1|1|1|1|1],[-7.443974|-18.114990|-16.763783|-18.371904|-15.819001]
03:25:55.243,[0|10|20|30|40],[1|1|1|1|1],[-7.343161|-19.039921|-15.898598|-14.979017|-12.554288]
03:25:55.344,[0|10|20|30|40],[1|1|1|1|1],[-8.693900|-18.877815|-16.428602|-14.955509|-12.289476]
03:25:55.445,[0|10|20|30|40],[1|1|1|1|1],[-10.472306|-19.007387|-16.081709|16.649223|18.422699]
03:25:55.524,[0|10|20|30|40],[1|1|1|1|1],[-9.237185|15.535505|13.048410|15.223169|15.734887]
03:25:55.642,[0|10|20|30|40],[1|1|1|1|1],[9.010062|14.980042|11.226254|14.403582|15.278233]
03:25:55.744,[0|10|20|30|40],[1|1|1|1|1],[8.016356|13.053769|8.985305|13.111520|15.170252]
