timestamp,distances,validty,bias
03:25:12.103,[0|10|20|30|40],[1|1|1|1|1],[1.798919|1.086655|-3.795740|-10.163307|-18.286873]
03:25:12.207,[0|10|20|30|40],[1|1|1|1|1],[1.839712|-1.891024|-7.046163|-15.017653|-16.129589]
03:25:12.287,[0|10|20|30|40],[1|1|1|1|1],[2.032544|-2.834845|-6.709156|-12.551188|-17.016125]
03:25:12.386,[0|10|20|30|40],[1|1|1|1|1],[2.072153|-3.702500|-7.088998|-11.240768|-14.814663]
03:25:12.487,[0|10|20|30|40],[1|1|1|1|1],[0.610641|-4.531434|6.321517|10.744119|-12.600970]
03:25:12.607,[0|10|20|30|40],[1|1|1|1|1],[-0.563212|5.893183|7.288861|10.732735|13.267970]
03:25:12.681,[0|10|20|30|40],[1|1|1|1|1],[-0.983882|6.950051|8.759939|13.737202|14.970064]
03:25:12.782,[0|10|20|30|40],[1|1|1|1|1],[-0.969924|5.241091|6.658607|12.133444|12.005138]
03:25:12.883,[0|10|20|30|40],[1|1|1|1|1],[-0.972143|6.131942|7.847536|12.497293|12.525964]
03:25:12.984,[0|10|20|30|40],[1|1|1|1|1],[1.168378|7.104781|8.339620|9.334696|9.825230]
03:25:13.083,[0|10|20|30|40],[1|1|1|1|1],[1.072552|4.842710|4.706800|7.065487|4.851604]
03:25:13.183,[0|10|20|30|40],[1|1|1|1|1],[1.731855|5.339661|5.682087|-4.964125|-4.078460]
03:25:13.283,[0|10|20|30|40],[1|1|1|1|1],[2.556850|5.614963|-4.953444|-6.861103|-4.138637]
03:25:13.384,[0|10|20|30|40],[1|1|1|1|1],[-2.551477|-5.027674|-5.426419|-6.431735|-4.057813]
03:25:13.503,[0|10|20|30|40],[1|1|1|1|1],[-2.200416|-5.480275|-5.938876|-6.335735|-3.800035]
03:25:13.582,[0|10|20|30|40],[1|1|1|1|1],[-1.939445|-5.551070|-6.328237|-5.907106|-3.465128]
03:25:13.684,[0|10|20|30|40],[1|1|1|1|1],[-2.445764|-5.626635|-7.637042|-6.836426|-4.513454]
03:25:13.782,[0|10|20|30|40],[1|1|1|1|1],[-2.029660|-2.811979|-4.476958|-4.347754|-5.828714]
03:25:13.888,[0|10|20|30|40],[1|1|1|1|1],[-2.156550|-4.273036|-6.448960|-5.184805|-10.857344]
03:25:14.004,[0|10|20|30|40],[1|1|1|1|1],[-2.675760|-3.558142|-6.759846|-5.064869|-13.387847]
03:25:14.087,[0|10|20|30|40],[1|1|1|1|1],[-1.781591|-4.652528|-6.757975|-7.121587|-14.297295]
03:25:14.201,[0|10|20|30|40],[1|1|1|1|1],[-2.202447|-4.220852|-6.269097|-7.851696|-13.746619]
03:25:14.281,[0|10|20|30|40],[1|1|1|1|1],[-2.776152|-6.468527|-7.513809|-9.111786|-14.326000]
03:25:14.421,[0|10|20|30|40],[1|1|1|1|1],[-3.719946|-5.979943|-6.871247|-11.334478|-14.547944]
03:25:14.507,[0|10|20|30|40],[1|1|1|1|1],[-4.432664|-6.572342|-9.523368|-12.526369|-19.417810]
03:25:14.604,[0|10|20|30|40],[1|1|1|1|1],[-4.031832|-5.630893|-10.150510|-11.097908|-16.978001]
03:25:14.704,[0|10|20|30|40],[1|1|1|1|1],[-4.007538|-7.722852|-15.407526|-16.228580|-21.571136]
03:25:14.808,[0|10|20|30|40],[1|1|1|1|1],[-2.426764|-8.682958|-15.083355|-15.164733|-18.420624]
03:25:14.885,[0|10|20|30|40],[1|1|1|1|1],[-2.928664|-10.457293|-16.646450|-16.475941|-17.647053]
03:25:15.005,[0|10|20|30|40],[1|1|1|1|1],[-4.001972|-10.627354|-16.426064|-19.249798|-13.641715]
03:25:15.083,[0|10|20|30|40],[1|1|1|1|1],[-4.630673|-9.684746|-17.311747|-17.392849|-12.807274]
03:25:15.194,[0|10|20|30|40],[1|1|1|1|1],[-5.024310|-11.610563|-18.383324|-17.352200|-11.475420]
03:25:15.276,[0|10|20|30|40],[1|1|1|1|1],[-5.950680|-12.516936|-21.117151|-16.988873|-11.661530]
03:25:15.394,[0|10|20|30|40],[1|1|1|1|1],[-3.144454|-14.477484|-18.290461|-10.980415|-10.848927]
03:25:15.495,[0|10|20|30|40],[1|1|1|1|1],[-2.929771|-15.626381|-18.574858|-8.577895|-14.945602]
03:25:15.616,[0|10|20|30|40],[1|1|1|1|1],[-3.331891|-13.575804|-14.791608|-6.237102|-14.821506]
03:25:15.693,[0|10|20|30|40],[1|1|1|1|1],[-4.278697|-14.983416|-11.878753|-8.880496|-16.005348]
03:25:15.795,[0|10|20|30|40],[1|1|1|1|1],[-4.555047|-16.559881|-12.264085|-13.251090|-17.110611]
03:25:15.893,[0|10|20|30|40],[1|1|1|1|1],[-6.074761|-16.792452|-21.394873|-21.068668|-24.293591]
03:25:15.992,[0|10|20|30|40],[1|1|1|1|1],[-7.505429|-19.046566|-24.467754|-23.283672|-26.664043]
03:25:16.094,[0|10|20|30|40],[1|1|1|1|1],[-7.312588|-18.885868|-24.446327|-20.386696|-24.362350]
03:25:16.174,[0|10|20|30|40],[1|1|1|1|1],[-6.708327|-19.660425|-27.280807|-23.492289|-27.304245]
03:25:16.294,[0|10|20|30|40],[1|1|1|1|1],[-7.745460|-22.028463|-26.557272|-26.217056|-25.714922]
03:25:16.378,[0|10|20|30|40],[1|1|1|1|1],[-7.336204|-20.887768|-26.916187|-23.571777|-25.969673]
03:25:16.496,[0|10|20|30|40],[1|1|1|1|1],[-6.390229|-23.711630|-31.448572|-26.690315|-26.876974]
03:25:16.577,[0|10|20|30|40],[1|1|1|1|1],[-7.944761|-26.539062|-28.147173|-31.658745|-27.104330]
03:25:16.691,[0|10|20|30|40],[1|1|1|1|1],[-6.809369|-25.055092|-26.743872|-29.012608|-23.625778]
03:25:16.797,[0|10|20|30|40],[1|1|1|1|1],[-4.081322|-15.769443|22.847425|-23.129486|24.558067]
03:25:16.871,[0|10|20|30|40],[1|1|1|1|1],[-4.413834|13.138965|23.936712|-20.002270|22.539663]
03:25:16.977,[0|10|20|30|40],[1|1|1|1|1],[-3.934199|16.983717|24.905062|24.310589|24.929190]
03:25:17.099,[0|10|20|30|40],[1|1|1|1|1],[2.614108|18.080410|23.635847|27.824497|24.618864]
03:25:17.177,[0|10|20|30|40],[1|1|1|1|1],[3.107953|19.086054|25.644302|29.184341|22.655725]
03:25:17.271,[0|10|20|30|40],[1|1|1|1|1],[4.319400|20.494518|29.373091|27.284002|21.653557]
03:25:17.375,[0|10|20|30|40],[1|1|1|1|1],[4.160276|19.932308|29.440725|26.902390|25.259758]
03:25:17.494,[0|10|20|30|40],[1|1|1|1|1],[5.149972|22.362957|24.470537|25.941992|26.045059]
03:25:17.596,[0|10|20|30|40],[1|1|1|1|1],[6.417656|22.937500|30.812771|32.531368|32.972359]
03:25:17.697,[0|10|20|30|40],[1|1|1|1|1],[-7.937777|-24.686596|-29.088402|-29.270994|-30.396414]
03:25:17.771,[0|10|20|30|40],[1|1|1|1|1],[-8.647686|-26.395359|-31.126928|-30.020941|-29.518913]
03:25:17.874,[0|10|20|30|40],[1|1|1|1|1],[-8.997339|-24.952898|-27.432186|-26.520359|-29.106735]
03:25:18.011,[0|10|20|30|40],[1|1|1|1|1],[-12.620640|-24.101919|-26.496792|-27.450634|-24.207115]
03:25:18.094,[0|10|20|30|40],[1|1|1|1|1],[-12.736088|-19.270861|-29.470354|-27.983130|-30.671501]
03:25:18.192,[0|10|20|30|40],[1|1|1|1|1],[-10.808760|-19.924774|-26.410877|-30.675602|-34.264015]
03:25:18.291,[0|10|20|30|40],[1|1|1|1|1],[-7.863420|-18.490824|-22.128040|-27.855242|-25.470114]
03:25:18.396,[0|10|20|30|40],[1|1|1|1|1],[-7.531342|-23.547333|-26.538765|-29.768002|-29.355955]
03:25:18.494,[0|10|20|30|40],[1|1|1|1|1],[-5.952686|-17.917351|-25.227303|-27.981747|-26.674580]
03:25:18.575,[0|10|20|30|40],[1|1|1|1|1],[-7.171464|-20.924770|-27.942574|-28.701569|-30.656099]
03:25:18.672,[0|10|20|30|40],[1|1|1|1|1],[-6.946489|-23.258383|-35.890190|-34.876526|-30.245113]
03:25:18.794,[0|10|20|30|40],[1|1|1|1|1],[-8.434259|-21.871058|-28.401459|-29.044533|-24.239372]
03:25:18.912,[0|10|20|30|40],[1|1|1|1|1],[-8.116829|-17.666588|-29.480726|-29.317629|-21.478891]
03:25:18.997,[0|10|20|30|40],[1|1|1|1|1],[-7.021302|-18.263561|-26.583994|-24.687767|-21.697855]
03:25:19.095,[0|10|20|30|40],[1|1|1|1|1],[-7.581007|-22.616688|-24.622614|-24.275864|-19.461727]
03:25:19.197,[0|10|20|30|40],[1|1|1|1|1],[-8.926762|-26.566250|-30.361874|-29.144621|-24.701691]
03:25:19.297,[0|10|20|30|40],[1|1|1|1|1],[-7.028193|-26.069376|-28.490639|-26.850307|-24.949909]
03:25:19.397,[0|10|20|30|40],[1|1|1|1|1],[-9.659555|-25.836790|-27.437378|-24.865532|-23.061394]
03:25:19.497,[0|10|20|30|40],[1|1|1|1|1],[-9.957197|-25.919193|-25.097244|-24.411369|-26.282024]
03:25:19.598,[0|10|20|30|40],[1|1|1|1|1],[-11.362520|-21.839125|-25.462986|-24.950134|-26.192188]
03:25:19.694,[0|10|20|30|40],[1|1|1|1|1],[-14.389360|-23.301968|-28.457939|-25.165188|-26.137234]
03:25:19.803,[0|10|20|30|40],[1|1|1|1|1],[-11.374825|-26.260933|-29.331566|-29.713953|-30.959511]
03:25:19.908,[0|10|20|30|40],[1|1|1|1|1],[-13.613841|-27.209816|-28.577745|-30.363918|-27.469707]
03:25:19.984,[0|10|20|30|40],[1|1|1|1|1],[-11.432809|-26.147726|-30.197418|-31.978666|-32.415127]
03:25:20.087,[0|10|20|30|40],[1|1|1|1|1],[-7.365161|-24.168709|-28.045887|-30.101562|-36.861992]
03:25:20.183,[0|10|20|30|40],[1|1|1|1|1],[-10.052055|-22.695995|-26.834356|-26.631950|-34.673046]
03:25:20.306,[0|10|20|30|40],[1|1|1|1|1],[-10.374557|-22.799248|-31.583447|-34.703648|-39.438293]
03:25:20.383,[0|10|20|30|40],[1|1|1|1|1],[-10.412323|-21.792225|-23.779661|-29.180277|-35.456848]
03:25:20.486,[0|10|20|30|40],[1|1|1|1|1],[-8.418247|-23.224852|-28.600609|-32.351639|-40.710304]
03:25:20.582,[0|10|20|30|40],[1|1|1|1|1],[-8.292013|-24.531157|-30.077707|-36.015747|-40.634392]
03:25:20.681,[0|10|20|30|40],[1|1|1|1|1],[-7.773867|-23.492702|-31.691259|-32.858063|-33.858944]
03:25:20.786,[0|10|20|30|40],[1|1|1|1|1],[-8.722934|-22.008652|-31.851990|-38.099266|-36.587261]
03:25:20.882,[0|10|20|30|40],[1|1|1|1|1],[-9.277055|-23.812508|-30.677341|-34.107937|-29.229618]
03:25:20.981,[0|10|20|30|40],[1|1|1|1|1],[-7.967710|-22.185558|-32.234425|-33.444141|-32.038235]
03:25:21.087,[0|10|20|30|40],[1|1|1|1|1],[-9.424692|28.522625|35.511017|36.215569|34.370495]
03:25:21.183,[0|10|20|30|40],[1|1|1|1|1],[-8.825177|26.466938|30.786287|32.480049|25.572348]
03:25:21.303,[0|10|20|30|40],[1|1|1|1|1],[12.575844|29.466797|34.538311|33.165550|26.700878]
03:25:21.381,[0|10|20|30|40],[1|1|1|1|1],[9.510448|24.675339|27.593971|29.445314|18.824244]
03:25:21.486,[0|10|20|30|40],[1|1|1|1|1],[10.128366|24.353266|32.962143|33.345341|20.938705]
03:25:21.602,[0|10|20|30|40],[1|1|1|1|1],[10.196930|24.411341|33.165775|29.730057|19.748615]
03:25:21.686,[0|10|20|30|40],[1|1|1|1|1],[9.115622|23.710066|31.002962|30.913090|21.876408]
03:25:21.803,[0|10|20|30|40],[1|1|1|1|1],[11.621841|25.631083|30.698221|29.680370|22.445488]
03:25:21.885,[0|10|20|30|40],[1|1|1|1|1],[9.174397|22.770798|30.714815|26.795090|23.209858]
03:25:21.987,[0|10|20|30|40],[1|1|1|1|1],[-8.376959|-22.448381|-25.406254|-24.408043|-25.396420]
03:25:22.103,[0|10|20|30|40],[1|1|1|1|1],[-11.955664|-21.963860|-24.777323|-23.714018|-26.256203]
03:25:22.183,[0|10|20|30|40],[1|1|1|1|1],[-13.891498|-24.572056|-27.218128|-24.918901|-26.150681]
03:25:22.302,[0|10|20|30|40],[1|1|1|1|1],[-17.004374|-25.507065|-26.028913|-26.946747|-30.280638]
03:25:22.383,[0|10|20|30|40],[1|1|1|1|1],[-10.976961|-21.335484|-25.629192|-26.512169|-25.215435]
03:25:22.484,[0|10|20|30|40],[1|1|1|1|1],[-9.932277|-23.530647|-27.940559|-26.468540|-25.877213]
03:25:22.581,[0|10|20|30|40],[1|1|1|1|1],[-8.628800|-19.931301|-22.854733|-26.268005|-27.091717]
03:25:22.684,[0|10|20|30|40],[1|1|1|1|1],[-8.799153|-20.367781|-24.145149|-29.542351|-30.804014]
03:25:22.784,[0|10|20|30|40],[1|1|1|1|1],[-7.282501|-16.414278|-26.085985|-30.029451|-31.065773]
03:25:22.883,[0|10|20|30|40],[1|1|1|1|1],[-9.587526|-18.439480|-26.770514|-31.257355|-33.101154]
03:25:23.002,[0|10|20|30|40],[1|1|1|1|1],[-10.363444|-22.055376|-28.326160|-31.883217|-33.724403]
03:25:23.087,[0|10|20|30|40],[1|1|1|1|1],[-6.953320|-20.711184|-28.244490|-31.437016|-33.266998]
03:25:23.192,[0|10|20|30|40],[1|1|1|1|1],[-9.086776|-22.018587|-24.261469|-27.707695|-34.496353]
03:25:23.294,[0|10|20|30|40],[1|1|1|1|1],[-7.043299|-19.739023|-26.590979|-30.175352|-30.596519]
03:25:23.415,[0|10|20|30|40],[1|1|1|1|1],[-8.151960|-20.411217|-28.321249|-28.629578|-31.151676]
03:25:23.512,[0|10|20|30|40],[1|1|1|1|1],[-9.204371|-20.621582|-26.923298|-28.341818|-29.795551]
03:25:23.612,[0|10|20|30|40],[1|1|1|1|1],[-12.962270|-23.492575|-26.828182|-29.129780|-34.762978]
03:25:23.693,[0|10|20|30|40],[1|1|1|1|1],[-10.953957|-19.260767|-28.176605|-23.802353|-27.542187]
03:25:23.795,[0|10|20|30|40],[1|1|1|1|1],[-9.944691|-20.788441|-29.372782|-27.473747|-26.593040]
03:25:23.898,[0|10|20|30|40],[1|1|1|1|1],[-11.166943|-23.486305|-31.553799|-31.612587|-31.094910]
03:25:24.017,[0|10|20|30|40],[1|1|1|1|1],[-11.817877|-21.816824|-25.437195|-27.009941|-25.676132]
03:25:24.098,[0|10|20|30|40],[1|1|1|1|1],[-13.148880|-22.875959|-27.354055|-31.777704|-29.545212]
03:25:24.201,[0|10|20|30|40],[1|1|1|1|1],[-10.198397|-19.989479|-25.642628|-26.023685|-22.938728]
03:25:24.293,[0|10|20|30|40],[1|1|1|1|1],[-8.339686|-18.741888|-23.309994|-19.690477|-19.990540]
03:25:24.392,[0|10|20|30|40],[1|1|1|1|1],[-8.758842|-17.308418|-20.879227|-17.596233|-19.049406]
03:25:24.494,[0|10|20|30|40],[1|1|1|1|1],[-5.886144|-18.697107|-20.052893|-19.679987|-18.902159]
03:25:24.596,[0|10|20|30|40],[1|1|1|1|1],[-5.750653|-17.030394|-24.282169|-20.629824|-18.078518]
03:25:24.694,[0|10|20|30|40],[1|1|1|1|1],[-5.449255|-17.918591|-22.462309|-19.120157|-16.844391]
03:25:24.815,[0|10|20|30|40],[1|1|1|1|1],[-6.412932|-16.910297|-19.481205|-17.241478|-18.368959]
03:25:24.892,[0|10|20|30|40],[1|1|1|1|1],[-8.016272|-16.873528|-19.353086|-13.976181|-15.753651]
03:25:24.992,[0|10|20|30|40],[1|1|1|1|1],[-8.467413|-16.846592|-16.225492|-12.195492|-12.911510]
03:25:25.093,[0|10|20|30|40],[1|1|1|1|1],[-9.378485|-17.500448|-18.782711|-16.790199|-20.596527]
03:25:25.198,[0|10|20|30|40],[1|1|1|1|1],[-8.137594|-16.228884|-19.150078|-20.952106|-26.506805]
03:25:25.296,[0|10|20|30|40],[1|1|1|1|1],[-9.333089|-16.464563|20.025562|21.833683|28.165102]
03:25:25.394,[0|10|20|30|40],[1|1|1|1|1],[8.645243|16.739285|16.889477|19.694828|24.498463]
03:25:25.504,[0|10|20|30|40],[1|1|1|1|1],[8.480241|15.551522|17.997402|21.815443|25.476383]
03:25:25.601,[0|10|20|30|40],[1|1|1|1|1],[7.317577|15.519242|18.297804|20.269203|19.496393]
03:25:25.702,[0|10|20|30|40],[1|1|1|1|1],[8.468333|12.661211|18.073475|16.549063|14.782643]
03:25:25.802,[0|10|20|30|40],[1|1|1|1|1],[8.315078|14.764894|20.291550|18.945492|18.479586]
03:25:25.904,[0|10|20|30|40],[1|1|1|1|1],[6.735137|14.569018|18.615311|19.068157|14.015198]
03:25:26.001,[0|10|20|30|40],[1|1|1|1|1],[6.326632|13.370505|15.155387|16.558588|16.951942]
03:25:26.088,[0|10|20|30|40],[1|1|1|1|1],[-8.114221|13.147235|11.035723|14.668798|13.248205]
03:25:26.181,[0|10|20|30|40],[1|1|1|1|1],[-8.821111|-12.905216|-14.712286|-16.167568|-15.450931]
03:25:26.287,[0|10|20|30|40],[1|1|1|1|1],[-7.122571|-13.570237|-18.405617|-16.023684|-14.816999]
03:25:26.398,[0|10|20|30|40],[1|1|1|1|1],[-7.037983|-15.755293|-19.132965|-17.561913|-15.517807]
03:25:26.499,[0|10|20|30|40],[1|1|1|1|1],[-5.968791|-16.112387|-21.480280|-20.112514|-19.561815]
03:25:26.595,[0|10|20|30|40],[1|1|1|1|1],[-7.522866|-17.554468|-23.144495|-19.594551|-20.355202]
03:25:26.712,[0|10|20|30|40],[1|1|1|1|1],[-8.062776|-17.311657|-19.453461|-16.049503|-17.018627]
03:25:26.793,[0|10|20|30|40],[1|1|1|1|1],[-8.035964|-18.846724|-21.698803|-17.080330|-18.745708]
03:25:26.892,[0|10|20|30|40],[1|1|1|1|1],[-7.811269|-17.506895|-17.768049|-16.271187|-16.912769]
03:25:26.993,[0|10|20|30|40],[1|1|1|1|1],[-8.781026|-17.398045|-18.926208|-16.196133|-15.696168]
03:25:27.112,[0|10|20|30|40],[1|1|1|1|1],[-9.119870|-16.829418|-18.750519|-17.597176|-20.968151]
03:25:27.198,[0|10|20|30|40],[1|1|1|1|1],[-7.164283|-17.385653|-20.148457|-19.226456|-24.063087]
03:25:27.292,[0|10|20|30|40],[1|1|1|1|1],[-4.978123|-15.917519|-20.658493|-21.128010|-22.970343]
03:25:27.414,[0|10|20|30|40],[1|1|1|1|1],[-5.568933|-16.575632|-24.708855|-23.587858|-22.795128]
03:25:27.496,[0|10|20|30|40],[1|1|1|1|1],[-6.233860|-18.121592|-25.265152|-25.850857|-27.181864]
03:25:27.598,[0|10|20|30|40],[1|1|1|1|1],[-7.032153|-18.249413|-21.624983|-27.091360|-24.636196]
03:25:27.692,[0|10|20|30|40],[1|1|1|1|1],[-6.387445|-17.619335|-24.547821|-25.086927|-23.556185]
03:25:27.808,[0|10|20|30|40],[1|1|1|1|1],[-8.242936|-17.826876|-23.454262|-24.257065|-21.877075]
03:25:27.902,[0|10|20|30|40],[1|1|1|1|1],[-7.811443|-18.450583|-25.933916|-24.202705|-21.906017]
03:25:28.028,[0|10|20|30|40],[1|1|1|1|1],[-7.212658|-19.265514|-25.875294|-23.046553|-20.247387]
03:25:28.108,[0|10|20|30|40],[1|1|1|1|1],[-5.533319|-19.507980|-23.678654|-18.011211|-22.096275]
03:25:28.242,[0|10|20|30|40],[1|1|1|1|1],[-7.768381|-21.039268|-24.592995|-18.786299|-23.524784]
03:25:28.345,[0|10|20|30|40],[1|1|1|1|1],[-5.368206|-18.022282|-24.592525|-24.062586|-24.464607]
03:25:28.406,[0|10|20|30|40],[1|1|1|1|1],[-5.966133|-20.878277|-26.148039|-24.271275|-22.987820]
03:25:28.508,[0|10|20|30|40],[1|1|1|1|1],[-7.989064|-20.885578|-26.056267|-21.756721|-19.166851]
03:25:28.602,[0|10|20|30|40],[1|1|1|1|1],[-8.691369|-22.158894|-26.271915|-23.391331|-22.438549]
03:25:28.702,[0|10|20|30|40],[1|1|1|1|1],[-9.028271|-21.419127|-25.368452|-23.035789|-20.207428]
03:25:28.802,[0|10|20|30|40],[1|1|1|1|1],[-7.056014|-20.404942|-24.028570|-22.879517|-15.257215]
03:25:28.922,[0|10|20|30|40],[1|1|1|1|1],[-7.358339|-18.836275|-24.919909|-23.281050|-15.008068]
03:25:29.002,[0|10|20|30|40],[1|1|1|1|1],[-6.422307|-20.895302|-24.543524|-20.472658|-13.398385]
03:25:29.108,[0|10|20|30|40],[1|1|1|1|1],[-6.218061|-20.989237|-24.817163|-19.580544|-14.659786]
03:25:29.202,[0|10|20|30|40],[1|1|1|1|1],[-7.732843|-16.735971|-19.789022|-15.219080|-11.702371]
03:25:29.335,[0|10|20|30|40],[1|1|1|1|1],[-6.853297|-15.127847|-17.987251|-13.861895|-13.050485]
03:25:29.392,[0|10|20|30|40],[1|1|1|1|1],[-7.656777|-15.325660|-18.230349|-14.161646|-14.102721]
03:25:29.497,[0|10|20|30|40],[1|1|1|1|1],[-7.456189|-15.510162|-15.139169|-11.680782|-13.586855]
03:25:29.592,[0|10|20|30|40],[1|1|1|1|1],[-8.236536|14.146432|12.124956|9.025526|-10.816836]
03:25:29.705,[0|10|20|30|40],[1|1|1|1|1],[8.023080|11.742348|11.466927|10.355043|-9.702373]
03:25:29.823,[0|10|20|30|40],[1|1|1|1|1],[7.479769|10.034010|10.262066|8.744728|-8.864498]
03:25:29.906,[0|10|20|30|40],[1|1|1|1|1],[5.607748|10.333836|10.093969|9.876049|10.666513]
03:25:29.987,[0|10|20|30|40],[1|1|1|1|1],[4.985681|9.215522|10.464269|9.662092|11.337924]
03:25:30.104,[0|10|20|30|40],[1|1|1|1|1],[6.363332|9.948405|9.961510|9.825266|11.532855]
03:25:30.203,[0|10|20|30|40],[1|1|1|1|1],[4.954225|10.298541|10.049510|8.990741|10.937119]
03:25:30.302,[0|10|20|30|40],[1|1|1|1|1],[5.781588|10.339734|9.138191|9.025085|11.249447]
03:25:30.403,[0|10|20|30|40],[1|1|1|1|1],[4.099867|8.987814|9.037190|-9.337616|-8.677578]
03:25:30.498,[0|10|20|30|40],[1|1|1|1|1],[-4.045671|-8.861345|-8.973063|-9.355712|-10.129070]
03:25:30.597,[0|10|20|30|40],[1|1|1|1|1],[-4.587351|-8.144951|-8.323181|-9.602940|-9.505963]
03:25:30.714,[0|10|20|30|40],[1|1|1|1|1],[-5.845936|-9.703493|-11.934853|-10.936869|-10.276115]
03:25:30.797,[0|10|20|30|40],[1|1|1|1|1],[-4.100679|-8.954951|-10.081262|-10.111594|-9.479273]
03:25:30.897,[0|10|20|30|40],[1|1|1|1|1],[-3.910846|-7.142143|-8.475333|-8.917546|-9.207058]
03:25:30.997,[0|10|20|30|40],[1|1|1|1|1],[-5.030555|-7.775544|-8.833525|-8.979100|-9.242523]
03:25:31.117,[0|10|20|30|40],[1|1|1|1|1],[-4.130916|-9.329018|-8.209449|-8.621097|-6.166553]
03:25:31.197,[0|10|20|30|40],[1|1|1|1|1],[-4.937214|-8.780691|-7.344696|-4.733473|-5.879939]
03:25:31.314,[0|10|20|30|40],[1|1|1|1|1],[-4.919532|-8.089741|-6.910515|-5.774248|-4.292393]
03:25:31.396,[0|10|20|30|40],[1|1|1|1|1],[-5.616812|-8.273596|-6.603074|-7.433045|-4.167235]
03:25:31.498,[0|10|20|30|40],[1|1|1|1|1],[-6.357981|-10.102618|-8.349773|-7.365113|-5.825019]
03:25:31.617,[0|10|20|30|40],[1|1|1|1|1],[-5.000335|-8.068783|-8.735657|-8.070069|-7.247257]
03:25:31.696,[0|10|20|30|40],[1|1|1|1|1],[-5.574392|-9.551808|-8.639380|-7.730967|-9.899282]
03:25:31.812,[0|10|20|30|40],[1|1|1|1|1],[-5.632624|-10.287711|-8.823386|-8.567465|-10.281038]
03:25:31.894,[0|10|20|30|40],[1|1|1|1|1],[-5.376895|-9.266820|-9.577897|-8.698827|-10.574997]
03:25:32.015,[0|10|20|30|40],[1|1|1|1|1],[-5.248879|-8.505763|-8.682955|-8.698249|-11.007667]
03:25:32.115,[0|10|20|30|40],[1|1|1|1|1],[-5.474018|-9.881166|-6.997794|-7.956874|-9.647644]
03:25:32.194,[0|10|20|30|40],[1|1|1|1|1],[-5.472512|-8.468122|-6.627283|-8.731103|-12.630951]
03:25:32.314,[0|10|20|30|40],[1|1|1|1|1],[-6.004447|-7.835577|-6.854611|-9.604645|-15.507566]
03:25:32.416,[0|10|20|30|40],[1|1|1|1|1],[-4.158022|-8.107573|-6.474438|-7.073432|-14.872670]
03:25:32.537,[0|10|20|30|40],[1|1|1|1|1],[-4.526635|-6.335342|-4.729328|-8.127790|-15.399302]
03:25:32.613,[0|10|20|30|40],[1|1|1|1|1],[-4.214382|-6.128071|-3.330183|-9.268546|-15.572572]
03:25:32.712,[0|10|20|30|40],[1|1|1|1|1],[-5.047372|-5.578837|-6.174794|-13.446898|-18.383038]
03:25:32.835,[0|10|20|30|40],[1|1|1|1|1],[-4.955829|-6.557189|-7.316378|-15.052021|-22.816933]
03:25:32.913,[0|10|20|30|40],[1|1|1|1|1],[-4.636063|-7.160382|-9.400621|-16.181194|-23.150372]
03:25:33.002,[0|10|20|30|40],[1|1|1|1|1],[-4.354412|-7.147438|-10.056472|-19.492228|-28.214264]
03:25:33.105,[0|10|20|30|40],[1|1|1|1|1],[-4.243443|-8.458394|-9.050957|-18.412989|-23.442793]
03:25:33.232,[0|10|20|30|40],[1|1|1|1|1],[-3.784302|-8.592974|-12.605894|-22.102844|-24.094152]
03:25:33.313,[0|10|20|30|40],[1|1|1|1|1],[-4.259243|-8.324074|-13.592807|-20.112919|-21.695255]
03:25:33.415,[0|10|20|30|40],[1|1|1|1|1],[-4.539041|-7.928722|-13.842138|-19.891966|-20.201374]
03:25:33.515,[0|10|20|30|40],[1|1|1|1|1],[-5.455874|-8.228836|-13.097220|-19.082474|-23.859978]
03:25:33.607,[0|10|20|30|40],[1|1|1|1|1],[-3.659399|-7.054813|-12.770539|-19.915903|-24.090599]
03:25:33.736,[0|10|20|30|40],[1|1|1|1|1],[-3.741599|-7.529675|-12.504143|-19.897520|-24.993277]
03:25:33.817,[0|10|20|30|40],[1|1|1|1|1],[-3.333559|-7.350712|-13.531560|-19.160641|-21.576427]
03:25:33.895,[0|10|20|30|40],[1|1|1|1|1],[3.388355|-7.154466|-9.052342|-15.681208|-16.158867]
03:25:33.993,[0|10|20|30|40],[1|1|1|1|1],[-3.302404|8.385521|9.684306|-15.815425|-14.668036]
03:25:34.096,[0|10|20|30|40],[1|1|1|1|1],[2.819664|6.450572|9.229750|15.686453|11.511445]
03:25:34.193,[0|10|20|30|40],[1|1|1|1|1],[3.635691|6.524568|9.307283|14.499128|8.593893]
03:25:34.315,[0|10|20|30|40],[1|1|1|1|1],[4.556781|7.805384|10.779929|11.445581|5.595946]
03:25:34.398,[0|10|20|30|40],[1|1|1|1|1],[3.659142|7.502122|9.822571|9.027219|-4.895425]
03:25:34.497,[0|10|20|30|40],[1|1|1|1|1],[3.960407|7.700843|11.813080|10.191727|-5.615878]
03:25:34.595,[0|10|20|30|40],[1|1|1|1|1],[4.539896|6.713975|-8.975387|-6.390977|-6.268096]
03:25:34.694,[0|10|20|30|40],[1|1|1|1|1],[3.980096|-7.346410|-9.288054|-9.113276|-6.727338]
03:25:34.818,[0|10|20|30|40],[1|1|1|1|1],[-5.067443|-8.173387|-11.462707|-9.610534|-8.911347]
03:25:34.894,[0|10|20|30|40],[1|1|1|1|1],[-4.679632|-6.548647|-10.250073|-8.210123|-6.469727]
03:25:34.993,[0|10|20|30|40],[1|1|1|1|1],[-4.111117|-5.244803|-7.163864|-7.496870|-5.981970]
03:25:35.097,[0|10|20|30|40],[1|1|1|1|1],[-4.677664|-7.057794|-8.816374|-6.813192|-7.090759]
03:25:35.212,[0|10|20|30|40],[1|1|1|1|1],[-4.026062|-8.132051|-7.774490|-5.807710|-5.975056]
03:25:35.292,[0|10|20|30|40],[1|1|1|1|1],[-3.550802|-7.529626|-9.323174|-5.293131|-5.194998]
03:25:35.412,[0|10|20|30|40],[1|1|1|1|1],[-2.469461|-7.067356|-8.988094|-5.559134|-4.948330]
03:25:35.492,[0|10|20|30|40],[1|1|1|1|1],[-2.952419|-8.835849|-9.949976|-6.934857|-4.974985]
03:25:35.592,[0|10|20|30|40],[1|1|1|1|1],[-3.159058|-8.262336|-6.858265|-6.620049|6.451607]
03:25:35.695,[0|10|20|30|40],[1|1|1|1|1],[-2.809162|-9.105189|-6.665885|-6.474113|7.680893]
03:25:35.793,[0|10|20|30|40],[1|1|1|1|1],[-3.486589|-9.384112|-6.900710|-5.518246|8.187342]
03:25:35.894,[0|10|20|30|40],[1|1|1|1|1],[-4.686387|-11.175866|-7.073367|-4.865193|12.357569]
03:25:36.002,[0|10|20|30|40],[1|1|1|1|1],[-2.542321|-6.487729|-6.279778|-4.921508|17.895794]
03:25:36.087,[0|10|20|30|40],[1|1|1|1|1],[-2.394140|-6.336073|-6.614137|6.468844|20.566130]
03:25:36.187,[0|10|20|30|40],[1|1|1|1|1],[-2.686273|-6.802407|-4.685414|7.944512|24.443007]
03:25:36.297,[0|10|20|30|40],[1|1|1|1|1],[-2.560736|-7.979494|-4.201114|9.475303|25.809193]
03:25:36.375,[0|10|20|30|40],[1|1|1|1|1],[-3.017692|-5.153354|3.183353|11.326766|27.234793]
03:25:36.473,[0|10|20|30|40],[1|1|1|1|1],[-5.005327|-4.414595|4.056203|13.461137|27.651453]
03:25:36.594,[0|10|20|30|40],[1|1|1|1|1],[-5.294484|-4.225315|6.617951|18.823290|21.308613]
03:25:36.692,[0|10|20|30|40],[1|1|1|1|1],[-4.915945|-4.320407|6.203985|16.647100|7.681799]
03:25:36.797,[0|10|20|30|40],[1|1|1|1|1],[-2.921865|-3.535489|6.366718|13.609290|-13.352823]
03:25:36.894,[0|10|20|30|40],[1|1|1|1|1],[-4.061599|-3.145072|7.289839|10.770464|-21.500778]
03:25:37.034,[0|10|20|30|40],[1|1|1|1|1],[-2.902791|-3.657143|8.685577|9.734964|-21.904802]
03:25:37.115,[0|10|20|30|40],[1|1|1|1|1],[-3.353405|-3.797309|7.915533|-9.444642|-24.027967]
03:25:37.214,[0|10|20|30|40],[1|1|1|1|1],[-4.116170|-4.866298|-6.981373|-10.106945|-33.573151]
03:25:37.313,[0|10|20|30|40],[1|1|1|1|1],[-4.661569|-4.655575|-7.346785|-11.542535|-44.744873]
03:25:37.394,[0|10|20|30|40],[1|1|1|1|1],[-4.502553|-4.539710|-7.803273|-12.814617|-34.225941]
03:25:37.515,[0|10|20|30|40],[1|1|1|1|1],[-4.898343|-4.882456|-8.084547|-14.556003|-35.684631]
03:25:37.616,[0|10|20|30|40],[1|1|1|1|1],[-2.719615|-3.856876|-7.147646|-9.572434|-32.713844]
03:25:37.714,[0|10|20|30|40],[1|1|1|1|1],[-3.044340|-4.345963|-8.102989|-10.866451|-28.887320]
03:25:37.816,[0|10|20|30|40],[1|1|1|1|1],[-3.153116|-4.795058|-8.978521|-10.693049|-32.143738]
03:25:37.912,[0|10|20|30|40],[1|1|1|1|1],[2.006438|-2.202074|-9.688902|-7.154250|-27.206707]
03:25:38.003,[0|10|20|30|40],[1|1|1|1|1],[2.037150|-3.641930|-11.042523|-10.324049|-41.162155]
03:25:38.085,[0|10|20|30|40],[1|1|1|1|1],[2.091640|-4.412884|-12.302589|-9.438086|-30.302858]
03:25:38.203,[0|10|20|30|40],[1|1|1|1|1],[1.299521|6.061029|11.120378|-9.650564|43.359947]
03:25:38.324,[0|10|20|30|40],[1|1|1|1|1],[1.995789|7.172787|10.439932|-10.125804|53.518772]
03:25:38.408,[0|10|20|30|40],[1|1|1|1|1],[2.316311|9.582776|10.402894|16.630173|58.440063]
03:25:38.484,[0|10|20|30|40],[1|1|1|1|1],[2.962726|7.713217|10.333359|18.093586|68.612381]
03:25:38.603,[0|10|20|30|40],[1|1|1|1|1],[3.879615|8.731341|11.205519|20.965624|31.590462]
03:25:38.687,[0|10|20|30|40],[1|1|1|1|1],[4.800632|10.924849|14.008021|28.080750|51.021481]
03:25:38.809,[0|10|20|30|40],[1|1|1|1|1],[3.206615|6.828666|10.037708|32.081650|-47.088909]
03:25:38.904,[0|10|20|30|40],[1|1|1|1|1],[3.231672|-8.426711|-12.302327|24.176168|-57.206154]
03:25:39.002,[0|10|20|30|40],[1|1|1|1|1],[3.832504|-9.289866|14.417135|32.793472|-56.952572]
03:25:39.087,[0|10|20|30|40],[1|1|1|1|1],[-3.912736|-9.981767|-17.671894|-34.257462|-49.680042]
03:25:39.187,[0|10|20|30|40],[1|1|1|1|1],[-4.623678|-11.563534|-18.817282|-39.426086|-36.131001]
03:25:39.305,[0|10|20|30|40],[1|1|1|1|1],[-5.531702|-11.942452|-16.729403|-32.540939|-38.795376]
03:25:39.402,[0|10|20|30|40],[1|1|1|1|1],[-6.418382|-13.077778|-17.412449|-37.722633|-20.224190]
03:25:39.504,[0|10|20|30|40],[1|1|1|1|1],[-7.058416|-16.003910|-19.881367|-35.239887|-19.603729]
03:25:39.606,[0|10|20|30|40],[1|1|1|1|1],[3.666562|-10.201716|-11.899042|-28.760338|2.878571]
03:25:39.681,[0|10|20|30|40],[1|1|1|1|1],[-4.225688|-12.939554|-14.842129|-28.576279|-7.031536]
03:25:39.788,[0|10|20|30|40],[1|1|1|1|1],[-3.798986|-14.081701|-17.565083|-24.691916|-9.286880]
03:25:39.872,[0|10|20|30|40],[1|1|1|1|1],[-3.733736|-12.406815|-9.606814|10.939503|4.685402]
03:25:39.974,[0|10|20|30|40],[1|1|1|1|1],[-4.431375|-12.631935|-9.421730|14.027071|3.411961]
03:25:40.097,[0|10|20|30|40],[1|1|1|1|1],[-5.957945|-14.758057|-9.616852|15.739298|8.509350]
03:25:40.213,[0|10|20|30|40],[1|1|1|1|1],[-7.992137|-14.520663|-8.943748|16.234350|13.373184]
03:25:40.292,[0|10|20|30|40],[1|1|1|1|1],[-9.205252|-16.985958|-8.736825|10.909796|-13.512135]
03:25:40.392,[0|10|20|30|40],[1|1|1|1|1],[-8.432160|-13.545746|6.476831|10.637617|-9.765530]
03:25:40.474,[0|10|20|30|40],[1|1|1|1|1],[-9.500768|-10.963207|6.372571|10.239410|-16.114044]
03:25:40.574,[0|10|20|30|40],[1|1|1|1|1],[-8.206697|-12.991047|7.630563|10.948706|-20.896149]
03:25:40.697,[0|10|20|30|40],[1|1|1|1|1],[-8.622791|-11.837214|8.861208|8.680677|-35.656452]
03:25:40.791,[0|10|20|30|40],[1|1|1|1|1],[-10.357030|-10.455590|11.823106|-10.645676|-23.126125]
03:25:40.895,[0|10|20|30|40],[1|1|1|1|1],[-8.267612|-8.519876|12.599134|-15.757179|-19.418716]
03:25:40.997,[0|10|20|30|40],[1|1|1|1|1],[-6.359716|-5.602604|12.210131|-22.685719|-7.854939]
03:25:41.116,[0|10|20|30|40],[1|1|1|1|1],[-5.875931|5.630618|15.357876|-23.435450|-11.790466]
03:25:41.213,[0|10|20|30|40],[1|1|1|1|1],[-3.807865|6.350067|14.415932|-14.938545|-13.587570]
03:25:41.278,[0|10|20|30|40],[1|1|1|1|1],[-6.814590|6.617212|15.000952|15.057087|-20.118809]
03:25:41.394,[0|10|20|30|40],[1|1|1|1|1],[-6.137332|8.244276|14.778900|15.546513|-24.577427]
03:25:41.494,[0|10|20|30|40],[1|1|1|1|1],[-5.609365|9.580061|13.447475|-15.788746|-27.343273]
03:25:41.617,[0|10|20|30|40],[1|1|1|1|1],[-6.025067|10.381042|14.049757|-16.975403|-31.725359]
03:25:41.711,[0|10|20|30|40],[1|1|1|1|1],[-5.973553|-7.221711|11.930191|-17.867041|-15.714931]
03:25:41.814,[0|10|20|30|40],[1|1|1|1|1],[-5.295595|-7.974532|-12.866902|-17.958593|-19.286108]
03:25:41.895,[0|10|20|30|40],[1|1|1|1|1],[-5.844287|-7.878503|13.297987|-19.192839|-5.134344]
03:25:42.011,[0|10|20|30|40],[1|1|1|1|1],[-5.880884|-8.711269|-13.627863|-20.542622|-10.731602]
03:25:42.112,[0|10|20|30|40],[1|1|1|1|1],[-3.145134|-2.872276|-5.136383|9.256458|-8.729076]
03:25:42.199,[0|10|20|30|40],[1|1|1|1|1],[1.811672|2.857438|3.957975|9.659433|-17.997551]
03:25:42.299,[0|10|20|30|40],[1|1|1|1|1],[2.105208|3.000093|4.647350|-9.600067|-30.461597]
03:25:42.392,[0|10|20|30|40],[1|1|1|1|1],[-2.653311|2.565652|4.733205|-10.298109|-22.712708]
03:25:42.498,[0|10|20|30|40],[1|1|1|1|1],[-2.214292|2.900732|4.950142|-10.921478|26.212978]
03:25:42.575,[0|10|20|30|40],[1|1|1|1|1],[-2.530095|2.761957|-5.316842|-11.259079|28.604889]
03:25:42.686,[0|10|20|30|40],[1|1|1|1|1],[-2.578516|-2.179599|-6.015098|-11.945581|36.387157]
03:25:42.781,[0|10|20|30|40],[1|1|1|1|1],[-1.895817|3.950304|-6.742442|-12.502337|53.229237]
03:25:42.881,[0|10|20|30|40],[1|1|1|1|1],[-2.377561|5.027399|-7.832265|-13.178539|59.704826]
03:25:43.004,[0|10|20|30|40],[1|1|1|1|1],[2.375352|5.268830|-8.829904|15.202570|36.615849]
03:25:43.102,[0|10|20|30|40],[1|1|1|1|1],[-1.862743|-5.111832|-6.878519|9.811926|-35.064697]
03:25:43.183,[0|10|20|30|40],[1|1|1|1|1],[-2.185386|-4.778469|-7.829714|8.734512|-41.417885]
03:25:43.288,[0|10|20|30|40],[1|1|1|1|1],[-3.014861|-5.134469|-3.736711|11.369133|-55.800152]
03:25:43.404,[0|10|20|30|40],[1|1|1|1|1],[-3.025740|-6.194940|-3.962517|-13.913870|-33.690262]
03:25:43.483,[0|10|20|30|40],[1|1|1|1|1],[-4.240408|-6.415489|-4.711843|-16.122150|-36.797237]
03:25:43.602,[0|10|20|30|40],[1|1|1|1|1],[-3.865421|-5.577245|-5.510521|-21.005249|-24.593067]
03:25:43.682,[0|10|20|30|40],[1|1|1|1|1],[-2.980113|-3.455782|-5.119276|-13.873339|-29.333305]
03:25:43.784,[0|10|20|30|40],[1|1|1|1|1],[-3.672232|-5.539551|-8.796978|-18.798256|-23.008823]
03:25:43.904,[0|10|20|30|40],[1|1|1|1|1],[-3.407449|-7.033634|-10.647869|-23.766994|-28.504181]
03:25:44.001,[0|10|20|30|40],[1|1|1|1|1],[-1.975895|-9.264490|-10.351586|-16.049433|-13.472557]
03:25:44.083,[0|10|20|30|40],[1|1|1|1|1],[-2.446227|-8.961987|-11.132455|-17.954493|-7.751560]
03:25:44.183,[0|10|20|30|40],[1|1|1|1|1],[-3.819763|-8.926260|-10.597610|-10.282040|-11.642170]
03:25:44.302,[0|10|20|30|40],[1|1|1|1|1],[-3.712654|-10.120667|-10.168099|-13.341522|-17.812061]
03:25:44.381,[0|10|20|30|40],[1|1|1|1|1],[-3.827929|-12.449333|-12.046647|-8.320761|-19.305992]
03:25:44.486,[0|10|20|30|40],[1|1|1|1|1],[-5.230743|-12.535513|-8.701086|7.352018|9.428215]
03:25:44.577,[0|10|20|30|40],[1|1|1|1|1],[-6.558141|-12.421581|-7.679319|9.409237|-9.855366]
03:25:44.692,[0|10|20|30|40],[1|1|1|1|1],[-5.122296|-9.027386|5.660152|8.358526|-19.104195]
03:25:44.795,[0|10|20|30|40],[1|1|1|1|1],[-5.054128|-7.475328|7.328629|8.486128|-21.176815]
03:25:44.877,[0|10|20|30|40],[1|1|1|1|1],[-4.700802|-8.854980|-6.978869|8.143854|-32.822037]
03:25:44.994,[0|10|20|30|40],[1|1|1|1|1],[-5.792593|-8.503199|7.497025|8.665514|-26.519108]
03:25:45.097,[0|10|20|30|40],[1|1|1|1|1],[-4.692812|-7.472939|8.159852|9.242249|-30.105782]
03:25:45.198,[0|10|20|30|40],[1|1|1|1|1],[-4.387649|-9.561690|-7.833815|-12.759972|-32.372093]
03:25:45.274,[0|10|20|30|40],[1|1|1|1|1],[-4.065752|-10.437181|-7.345295|-8.794451|-25.920105]
03:25:45.392,[0|10|20|30|40],[1|1|1|1|1],[-4.638290|-10.840869|-6.831479|-13.113070|-18.033886]
03:25:45.477,[0|10|20|30|40],[1|1|1|1|1],[-4.914221|-10.867461|-6.171536|-14.579391|-16.265488]
03:25:45.577,[0|10|20|30|40],[1|1|1|1|1],[-4.390915|-8.841431|-6.429267|-14.996386|-31.592274]
03:25:45.696,[0|10|20|30|40],[1|1|1|1|1],[-5.137915|-8.611605|-6.458044|-17.791653|-24.465370]
03:25:45.774,[0|10|20|30|40],[1|1|1|1|1],[-3.122502|-5.152214|-5.184150|-15.362263|-28.192711]
03:25:45.893,[0|10|20|30|40],[1|1|1|1|1],[-3.936958|-5.769491|-6.478262|-13.223553|-23.945236]
03:25:45.973,[0|10|20|30|40],[1|1|1|1|1],[-4.296928|-6.869337|-9.278464|-11.763430|-19.914246]
03:25:46.100,[0|10|20|30|40],[1|1|1|1|1],[-2.223044|-9.794930|-13.496351|-12.020493|-17.828655]
03:25:46.195,[0|10|20|30|40],[1|1|1|1|1],[-2.255738|-10.523623|-13.023233|-14.451170|-22.879505]
03:25:46.292,[0|10|20|30|40],[1|1|1|1|1],[-2.554065|-10.568669|-9.777403|-11.863375|-15.404987]
03:25:46.415,[0|10|20|30|40],[1|1|1|1|1],[-3.977442|-11.055824|-8.177519|-12.531567|-25.505066]
03:25:46.495,[0|10|20|30|40],[1|1|1|1|1],[-3.995954|-11.922648|-9.428978|10.393953|-33.700466]
03:25:46.592,[0|10|20|30|40],[1|1|1|1|1],[-5.271428|-12.427667|-8.149362|-7.246923|-30.910397]
03:25:46.696,[0|10|20|30|40],[1|1|1|1|1],[-5.508152|-9.203273|-6.952310|-5.108213|-43.229103]
03:25:46.795,[0|10|20|30|40],[1|1|1|1|1],[-4.768682|7.754663|7.118273|8.368683|59.129047]
03:25:46.917,[0|10|20|30|40],[1|1|1|1|1],[-4.250916|6.035060|7.008576|13.899279|51.428699]
03:25:47.004,[0|10|20|30|40],[1|1|1|1|1],[-4.584364|-5.080563|6.594396|17.996550|31.128693]
03:25:47.083,[0|10|20|30|40],[1|1|1|1|1],[-5.045567|5.143291|6.207776|22.060633|36.482334]
03:25:47.181,[0|10|20|30|40],[1|1|1|1|1],[3.951365|7.550472|5.830204|27.856636|22.316360]
03:25:47.305,[0|10|20|30|40],[1|1|1|1|1],[4.149887|7.831851|8.530462|25.571823|-22.316074]
03:25:47.385,[0|10|20|30|40],[1|1|1|1|1],[-2.074980|7.841837|8.861876|18.744612|-27.072144]
03:25:47.502,[0|10|20|30|40],[1|1|1|1|1],[3.262470|8.957407|11.023342|21.896696|11.232281]
03:25:47.583,[0|10|20|30|40],[1|1|1|1|1],[-2.573566|7.060733|8.717036|11.088562|13.097382]
03:25:47.684,[0|10|20|30|40],[1|1|1|1|1],[-3.825156|-5.496559|-9.547782|-7.020092|15.418243]
03:25:47.786,[0|10|20|30|40],[1|1|1|1|1],[-5.624973|-9.053842|-11.864101|-9.900951|-17.617702]
03:25:47.886,[0|10|20|30|40],[1|1|1|1|1],[-6.779362|-11.783174|-13.979662|5.709410|-25.742340]
03:25:48.006,[0|10|20|30|40],[1|1|1|1|1],[-8.081872|-13.415766|-15.226340|6.812286|-42.683697]
03:25:48.084,[0|10|20|30|40],[1|1|1|1|1],[-5.934788|-15.524194|-15.243208|7.709455|-57.225082]
03:25:48.182,[0|10|20|30|40],[1|1|1|1|1],[-6.848566|-14.125523|-13.917732|9.516048|-51.853416]
03:25:48.261,[0|10|20|30|40],[1|1|1|1|1],[-7.262373|-14.809442|-11.291265|-12.778187|-49.728821]
03:25:48.387,[0|10|20|30|40],[1|1|1|1|1],[-6.406926|-15.985629|-11.978186|-18.940401|-32.620049]
03:25:48.484,[0|10|20|30|40],[1|1|1|1|1],[-6.767354|-13.855230|-8.786583|-18.405819|-39.871597]
03:25:48.584,[0|10|20|30|40],[1|1|1|1|1],[-6.507885|-12.370312|-9.477878|-19.264269|-37.568474]
03:25:48.667,[0|10|20|30|40],[1|1|1|1|1],[-4.244456|-11.662436|-10.391951|-18.215656|-26.716518]
03:25:48.781,[0|10|20|30|40],[1|1|1|1|1],[-2.683645|-9.768113|-11.151611|-19.448042|-29.848480]
03:25:48.905,[0|10|20|30|40],[1|1|1|1|1],[-3.245328|-9.141180|-7.271361|-17.789316|-19.979095]
03:25:48.985,[0|10|20|30|40],[1|1|1|1|1],[-1.790971|-8.025369|-8.491409|-13.480997|-31.051350]
03:25:49.087,[0|10|20|30|40],[1|1|1|1|1],[-2.939374|-8.388728|-9.625542|-15.630722|-48.267555]
03:25:49.183,[0|10|20|30|40],[1|1|1|1|1],[-4.004577|-8.976298|-13.688040|-16.117191|-57.695198]
03:25:49.302,[0|10|20|30|40],[1|1|1|1|1],[-3.891151|-9.693080|-14.188110|-14.277506|-70.497131]
03:25:49.362,[0|10|20|30|40],[1|1|1|1|1],[-4.658899|-10.103806|-13.876462|-15.840816|-65.790268]
03:25:49.484,[0|10|20|30|40],[1|1|1|1|1],[-5.653344|-8.996123|-16.000462|-23.340893|-10.175610]
03:25:49.582,[0|10|20|30|40],[1|1|1|1|1],[-3.509105|-8.385128|-11.735749|-23.099661|-14.812183]
03:25:49.684,[0|10|20|30|40],[1|1|1|1|1],[-4.026109|-9.955064|-15.983046|-29.356003|-33.154392]
03:25:49.803,[0|10|20|30|40],[1|1|1|1|1],[-2.924976|-12.767860|-13.644576|-23.361588|-38.253593]
03:25:49.881,[0|10|20|30|40],[1|1|1|1|1],[-3.423824|-11.989769|-16.277863|-22.678995|-49.679089]
03:25:49.983,[0|10|20|30|40],[1|1|1|1|1],[-3.738783|-12.537956|-16.109705|-20.707369|-51.196766]
03:25:50.083,[0|10|20|30|40],[1|1|1|1|1],[-3.268487|-16.573929|-17.344999|-22.927332|-45.958805]
03:25:50.187,[0|10|20|30|40],[1|1|1|1|1],[-4.239051|-17.480160|-20.499016|-25.959063|-10.116863]
03:25:50.284,[0|10|20|30|40],[1|1|1|1|1],[-5.789072|-18.223345|-21.091915|-30.221176|-18.639088]
03:25:50.387,[0|10|20|30|40],[1|1|1|1|1],[-4.537112|-12.976116|-15.842295|-27.336311|-23.333740]
03:25:50.484,[0|10|20|30|40],[1|1|1|1|1],[-6.103533|-13.402814|-15.663600|-28.929853|-28.239346]
03:25:50.603,[0|10|20|30|40],[1|1|1|1|1],[-5.880875|-10.834312|-12.604809|-19.772816|-36.064625]
03:25:50.717,[0|10|20|30|40],[1|1|1|1|1],[-4.977370|-13.656939|-11.484861|-16.140699|-27.379322]
03:25:50.777,[0|10|20|30|40],[1|1|1|1|1],[-4.537455|-11.529720|-6.542563|-8.621168|-20.763397]
03:25:50.897,[0|10|20|30|40],[1|1|1|1|1],[-2.743176|-11.856050|-5.529928|-11.593246|-25.566101]
03:25:50.977,[0|10|20|30|40],[1|1|1|1|1],[2.666279|-10.749567|-6.169224|-14.741135|15.947628]
03:25:51.094,[0|10|20|30|40],[1|1|1|1|0],[-2.108736|-7.228682|-4.530358|-12.924719|0.000000]
03:25:51.192,[0|10|20|30|40],[1|1|1|1|0],[-2.617674|-6.301322|-4.366088|-14.006853|0.000000]
03:25:51.297,[0|10|20|30|40],[1|1|1|1|0],[-3.168314|6.725430|-5.121160|-18.855000|0.000000]
03:25:51.391,[0|10|20|30|40],[1|1|1|1|0],[-3.818990|6.637964|-6.261992|-25.928402|0.000000]
03:25:51.492,[0|10|20|30|40],[1|1|1|1|0],[1.754370|4.437172|-7.368016|-31.057596|0.000000]
03:25:51.617,[0|10|20|30|40],[1|1|1|1|0],[1.652537|-4.961929|-8.839536|-37.241127|0.000000]
03:25:51.696,[0|10|20|30|40],[1|1|1|1|1],[1.788559|-5.891690|-9.172832|-29.702044|2.531719]
03:25:51.815,[0|10|20|30|40],[1|1|1|1|1],[2.639388|-6.297287|-7.809043|-32.185745|7.007265]
03:25:51.917,[0|10|20|30|40],[1|1|1|1|1],[-3.198861|-7.530060|-9.638012|-1.112270|10.544348]
03:25:51.997,[0|10|20|30|40],[1|1|1|1|1],[-4.564191|-8.018136|-8.412075|4.993486|17.455769]
03:25:52.113,[0|10|20|30|40],[1|1|1|1|1],[-4.771876|-7.044634|-9.389198|5.873585|20.017910]
03:25:52.199,[0|10|20|30|40],[1|1|1|1|1],[-3.895748|-8.115328|-12.001789|6.103945|21.493435]
03:25:52.311,[0|10|20|30|40],[1|1|1|1|1],[-3.975676|-8.763832|-13.979971|7.823968|23.374081]
03:25:52.397,[0|10|20|30|40],[1|1|1|1|1],[-2.583245|-6.845588|-3.423166|9.327960|24.517059]
03:25:52.536,[0|10|20|30|40],[1|1|1|1|1],[-2.494588|-6.513682|-3.601813|11.940336|-23.078632]
03:25:52.614,[0|10|20|30|40],[1|1|1|1|1],[-2.835677|-6.273329|-3.942466|10.142589|-25.890493]
03:25:52.717,[0|10|20|30|40],[1|1|1|1|1],[-4.104959|-5.668229|-3.967083|-9.556746|-30.301476]
03:25:52.797,[0|10|20|30|40],[1|1|1|1|1],[-3.434154|-4.347322|5.460477|-10.152030|-31.575632]
03:25:52.920,[0|10|20|30|40],[1|1|1|1|1],[-4.738256|-4.250660|5.510473|-12.265801|7.889557]
03:25:52.994,[0|10|20|30|40],[1|1|1|1|1],[-5.481997|-3.827119|5.531597|-10.748696|8.518839]
03:25:53.094,[0|10|20|30|40],[1|1|1|1|1],[-4.565842|2.412304|5.486393|-5.648541|9.509850]
03:25:53.197,[0|10|20|30|40],[1|1|1|1|1],[-4.280899|2.868998|3.439951|-6.630445|11.045122]
03:25:53.312,[0|10|20|30|40],[1|1|1|1|1],[3.434608|3.371233|-3.031802|-5.236626|12.940121]
03:25:53.394,[0|10|20|30|40],[1|1|1|1|1],[3.367610|2.941027|-3.756857|-8.279920|-17.964363]
03:25:53.497,[0|10|20|30|40],[1|1|1|1|1],[2.811865|3.021705|-6.683075|-13.939309|-25.767803]
03:25:53.594,[0|10|20|30|40],[1|1|1|1|1],[2.620543|-3.955895|-7.222033|-14.785075|-28.696585]
03:25:53.719,[0|10|20|30|40],[1|1|1|1|1],[-2.714949|-4.666579|-8.677554|-18.927240|-36.507652]
03:25:53.817,[0|10|20|30|40],[1|1|1|1|1],[-2.282315|-5.591607|-10.266924|-18.814827|-30.711460]
03:25:53.897,[0|10|20|30|40],[1|1|1|1|1],[-2.511866|-5.718401|-10.936117|-20.667816|-34.265755]
03:25:54.012,[0|10|20|30|40],[1|1|1|1|1],[-3.513790|-5.404240|-10.003817|-21.694111|-38.388489]
03:25:54.105,[0|10|20|30|40],[1|1|1|1|1],[-3.129600|-4.676521|-10.325396|-18.780113|-24.905300]
03:25:54.205,[0|10|20|30|40],[1|1|1|1|1],[-2.745957|-5.063128|-12.292290|-19.824362|-21.071482]
03:25:54.321,[0|10|20|30|40],[1|1|1|1|1],[-2.677093|-4.565030|-10.082758|-16.984749|-16.280819]
03:25:54.407,[0|10|20|30|40],[1|1|1|1|1],[-2.573197|-4.786566|-10.621881|-17.628883|-16.671680]
03:25:54.505,[0|10|20|30|40],[1|1|1|1|1],[-2.672292|-4.879701|-12.125635|-19.441509|-17.032099]
03:25:54.603,[0|10|20|30|40],[1|1|1|1|1],[-2.569760|-3.164941|-8.366001|-14.783549|-10.474443]
03:25:54.722,[0|10|20|30|40],[1|1|1|1|1],[-3.168653|-4.163292|-11.420894|-17.569017|-10.285187]
03:25:54.804,[0|10|20|30|40],[1|1|1|1|1],[-3.411587|-4.321247|-12.178362|-16.378094|-7.163668]
03:25:54.904,[0|10|20|30|40],[1|1|1|1|1],[-3.257197|-4.920316|-13.643682|-15.451264|-6.363034]
03:25:55.004,[0|10|20|30|40],[1|1|1|1|1],[-3.446743|-5.249545|-14.915705|-14.348769|-6.054306]
03:25:55.124,[0|10|20|30|40],[1|1|1|1|1],[-2.262069|-4.686961|-14.181185|-10.636592|-6.275129]
03:25:55.243,[0|10|20|30|40],[1|1|1|1|1],[-2.647853|-5.206606|-13.075376|-9.339499|-6.859970]
03:25:55.306,[0|10|20|30|40],[1|1|1|1|1],[-3.250402|-3.855634|-8.351433|-4.972744|-8.539844]
03:25:55.424,[0|10|20|30|40],[1|1|1|1|1],[-3.114505|-3.944874|-6.380188|-4.973602|-9.305573]
03:25:55.503,[0|10|20|30|40],[1|1|1|1|1],[-2.130584|-3.358829|-5.546319|-5.034816|11.325741]
03:25:55.642,[0|10|20|30|40],[1|1|1|1|1],[-1.998430|-1.713204|-3.197324|3.628266|10.054720]
03:25:55.725,[0|10|20|30|40],[1|1|1|1|1],[-1.568233|-1.896518|-3.181756|5.222404|10.222971]
03:25:55.804,[0|10|20|30|40],[1|1|1|1|1],[-1.770398|-2.127790|3.216720|6.306767|11.905586]
03:25:55.935,[0|10|20|30|40],[1|1|1|1|1],[-1.366913|-2.402815|3.536999|7.899523|11.463547]
